# this file contains the average of dx^2, dy^2, and dz^2 of the particle ensemble over time
# number of particles: 2000

time,x,y,z
+1.000000e-15,+1.126487e-18,+8.626163e-19,+9.343333e-19
+2.000000e-15,+2.041800e-18,+1.526058e-18,+1.831721e-18
+3.000000e-15,+3.059455e-18,+2.224546e-18,+2.755209e-18
+4.000000e-15,+3.990359e-18,+2.709766e-18,+3.188300e-18
+5.000000e-15,+4.815572e-18,+3.254282e-18,+4.215979e-18
+6.000000e-15,+5.128281e-18,+3.660705e-18,+4.634534e-18
+7.000000e-15,+6.126155e-18,+4.170092e-18,+5.497112e-18
+8.000000e-15,+7.163613e-18,+4.666668e-18,+6.375689e-18
+9.000000e-15,+7.961078e-18,+5.041949e-18,+7.170570e-18
+1.000000e-14,+8.636002e-18,+5.852655e-18,+8.102904e-18
+1.100000e-14,+9.169910e-18,+6.390884e-18,+8.481238e-18
+1.200000e-14,+9.714123e-18,+7.292257e-18,+9.150701e-18
+1.300000e-14,+1.030525e-17,+7.839187e-18,+1.029847e-17
+1.400000e-14,+1.145963e-17,+8.561735e-18,+1.121658e-17
+1.500000e-14,+1.211650e-17,+8.872084e-18,+1.186722e-17
+1.600000e-14,+1.255988e-17,+9.315621e-18,+1.225373e-17
+1.700000e-14,+1.387784e-17,+1.001061e-17,+1.353123e-17
+1.800000e-14,+1.423094e-17,+1.024775e-17,+1.402820e-17
+1.900000e-14,+1.511374e-17,+1.057671e-17,+1.450574e-17
+2.000000e-14,+1.571385e-17,+1.108915e-17,+1.538058e-17
+2.100000e-14,+1.645315e-17,+1.161244e-17,+1.555556e-17
+2.200000e-14,+1.697230e-17,+1.171360e-17,+1.612458e-17
+2.300000e-14,+1.784352e-17,+1.203498e-17,+1.672655e-17
+2.400000e-14,+1.819250e-17,+1.254608e-17,+1.706315e-17
+2.500000e-14,+1.873845e-17,+1.305029e-17,+1.796677e-17
+2.600000e-14,+1.953226e-17,+1.355761e-17,+1.881147e-17
+2.700000e-14,+2.008494e-17,+1.373407e-17,+1.941848e-17
+2.800000e-14,+2.020400e-17,+1.439676e-17,+2.075147e-17
+2.900000e-14,+2.053456e-17,+1.452212e-17,+2.177965e-17
+3.000000e-14,+2.084713e-17,+1.491973e-17,+2.211594e-17
+3.100000e-14,+2.124377e-17,+1.532766e-17,+2.237800e-17
+3.200000e-14,+2.179809e-17,+1.578067e-17,+2.263713e-17
+3.300000e-14,+2.255181e-17,+1.613133e-17,+2.331778e-17
+3.400000e-14,+2.365913e-17,+1.645341e-17,+2.413698e-17
+3.500000e-14,+2.397321e-17,+1.668735e-17,+2.483186e-17
+3.600000e-14,+2.426939e-17,+1.738712e-17,+2.532082e-17
+3.700000e-14,+2.489761e-17,+1.762487e-17,+2.566087e-17
+3.800000e-14,+2.535239e-17,+1.788746e-17,+2.613024e-17
+3.900000e-14,+2.543676e-17,+1.856410e-17,+2.607591e-17
+4.000000e-14,+2.584524e-17,+1.899245e-17,+2.629616e-17
+4.100000e-14,+2.644414e-17,+1.929217e-17,+2.681635e-17
+4.200000e-14,+2.737223e-17,+1.980263e-17,+2.712740e-17
+4.300000e-14,+2.784138e-17,+2.004732e-17,+2.742526e-17
+4.400000e-14,+2.816090e-17,+2.029935e-17,+2.792717e-17
+4.500000e-14,+2.843350e-17,+2.028640e-17,+2.819685e-17
+4.600000e-14,+2.949733e-17,+2.051545e-17,+2.805230e-17
+4.700000e-14,+3.005332e-17,+2.083255e-17,+2.867168e-17
+4.800000e-14,+3.043408e-17,+2.103689e-17,+2.933710e-17
+4.900000e-14,+3.046721e-17,+2.108231e-17,+2.939590e-17
+5.000000e-14,+3.106613e-17,+2.162516e-17,+3.001173e-17
+5.100000e-14,+3.144328e-17,+2.208920e-17,+3.037759e-17
+5.200000e-14,+3.199248e-17,+2.247349e-17,+3.072008e-17
+5.300000e-14,+3.214197e-17,+2.286594e-17,+3.078843e-17
+5.400000e-14,+3.246796e-17,+2.332681e-17,+3.142633e-17
+5.500000e-14,+3.270075e-17,+2.359954e-17,+3.193379e-17
+5.600000e-14,+3.336303e-17,+2.368838e-17,+3.236820e-17
+5.700000e-14,+3.354546e-17,+2.424076e-17,+3.244993e-17
+5.800000e-14,+3.410539e-17,+2.443393e-17,+3.358727e-17
+5.900000e-14,+3.480250e-17,+2.497134e-17,+3.377300e-17
+6.000000e-14,+3.525625e-17,+2.526498e-17,+3.422073e-17
+6.100000e-14,+3.599873e-17,+2.563095e-17,+3.427905e-17
+6.200000e-14,+3.626856e-17,+2.577108e-17,+3.428086e-17
+6.300000e-14,+3.701389e-17,+2.580519e-17,+3.472015e-17
+6.400000e-14,+3.776436e-17,+2.613355e-17,+3.531354e-17
+6.500000e-14,+3.868002e-17,+2.671244e-17,+3.575452e-17
+6.600000e-14,+3.886345e-17,+2.700662e-17,+3.633255e-17
+6.700000e-14,+3.972103e-17,+2.748834e-17,+3.686425e-17
+6.800000e-14,+3.996190e-17,+2.797524e-17,+3.782628e-17
+6.900000e-14,+4.000065e-17,+2.806721e-17,+3.793904e-17
+7.000000e-14,+4.016162e-17,+2.830483e-17,+3.950671e-17
+7.100000e-14,+4.046887e-17,+2.842379e-17,+4.013119e-17
+7.200000e-14,+4.064218e-17,+2.905986e-17,+4.068673e-17
+7.300000e-14,+4.098354e-17,+2.904806e-17,+4.121383e-17
+7.400000e-14,+4.166671e-17,+2.955931e-17,+4.215364e-17
+7.500000e-14,+4.233385e-17,+2.985312e-17,+4.203735e-17
+7.600000e-14,+4.250444e-17,+3.024434e-17,+4.228589e-17
+7.700000e-14,+4.299869e-17,+3.086630e-17,+4.251067e-17
+7.800000e-14,+4.281474e-17,+3.106061e-17,+4.239684e-17
+7.900000e-14,+4.311490e-17,+3.101623e-17,+4.331665e-17
+8.000000e-14,+4.350133e-17,+3.108501e-17,+4.464780e-17
+8.100000e-14,+4.408006e-17,+3.142495e-17,+4.541609e-17
+8.200000e-14,+4.416666e-17,+3.146791e-17,+4.585480e-17
+8.300000e-14,+4.439363e-17,+3.187242e-17,+4.603837e-17
+8.400000e-14,+4.465281e-17,+3.213228e-17,+4.626432e-17
+8.500000e-14,+4.521457e-17,+3.227733e-17,+4.663557e-17
+8.600000e-14,+4.512396e-17,+3.243383e-17,+4.701920e-17
+8.700000e-14,+4.511317e-17,+3.284651e-17,+4.692999e-17
+8.800000e-14,+4.539832e-17,+3.379159e-17,+4.698256e-17
+8.900000e-14,+4.654144e-17,+3.405575e-17,+4.734894e-17
+9.000000e-14,+4.726210e-17,+3.462153e-17,+4.818207e-17
+9.100000e-14,+4.750131e-17,+3.463681e-17,+4.894779e-17
+9.200000e-14,+4.940632e-17,+3.506948e-17,+4.959720e-17
+9.300000e-14,+5.057542e-17,+3.539640e-17,+5.019984e-17
+9.400000e-14,+5.102744e-17,+3.536681e-17,+5.072849e-17
+9.500000e-14,+5.214253e-17,+3.555266e-17,+5.093050e-17
+9.600000e-14,+5.234939e-17,+3.567500e-17,+5.110681e-17
+9.700000e-14,+5.290636e-17,+3.578085e-17,+5.154456e-17
+9.800000e-14,+5.363868e-17,+3.588107e-17,+5.233886e-17
+9.900000e-14,+5.433108e-17,+3.604173e-17,+5.270628e-17
+1.000000e-13,+5.487035e-17,+3.637233e-17,+5.347385e-17
+1.010000e-13,+5.575216e-17,+3.670227e-17,+5.350591e-17
+1.020000e-13,+5.611516e-17,+3.693474e-17,+5.375774e-17
+1.030000e-13,+5.660128e-17,+3.696001e-17,+5.422807e-17
+1.040000e-13,+5.708902e-17,+3.734687e-17,+5.440279e-17
+1.050000e-13,+5.713570e-17,+3.747185e-17,+5.489214e-17
+1.060000e-13,+5.753403e-17,+3.797369e-17,+5.576540e-17
+1.070000e-13,+5.730326e-17,+3.849135e-17,+5.543638e-17
+1.080000e-13,+5.778003e-17,+3.873680e-17,+5.593151e-17
+1.090000e-13,+5.853986e-17,+3.925625e-17,+5.667387e-17
+1.100000e-13,+5.942448e-17,+3.990022e-17,+5.749795e-17
+1.110000e-13,+6.009261e-17,+4.045663e-17,+5.885628e-17
+1.120000e-13,+6.048595e-17,+4.088912e-17,+5.898536e-17
+1.130000e-13,+6.121525e-17,+4.099454e-17,+5.896828e-17
+1.140000e-13,+6.205401e-17,+4.141793e-17,+5.929054e-17
+1.150000e-13,+6.232167e-17,+4.165427e-17,+5.924725e-17
+1.160000e-13,+6.329920e-17,+4.153697e-17,+5.954821e-17
+1.170000e-13,+6.415849e-17,+4.159647e-17,+6.077664e-17
+1.180000e-13,+6.520815e-17,+4.186946e-17,+6.112061e-17
+1.190000e-13,+6.497371e-17,+4.205006e-17,+6.150185e-17
+1.200000e-13,+6.533623e-17,+4.205329e-17,+6.117184e-17
+1.210000e-13,+6.591432e-17,+4.245491e-17,+6.183626e-17
+1.220000e-13,+6.617782e-17,+4.283883e-17,+6.283472e-17
+1.230000e-13,+6.724253e-17,+4.331856e-17,+6.377667e-17
+1.240000e-13,+6.798237e-17,+4.401168e-17,+6.409519e-17
+1.250000e-13,+6.847201e-17,+4.452877e-17,+6.502043e-17
+1.260000e-13,+6.901370e-17,+4.473797e-17,+6.490759e-17
+1.270000e-13,+6.906898e-17,+4.525186e-17,+6.527575e-17
+1.280000e-13,+6.964633e-17,+4.561912e-17,+6.624904e-17
+1.290000e-13,+7.050047e-17,+4.562356e-17,+6.644606e-17
+1.300000e-13,+7.022306e-17,+4.598750e-17,+6.676610e-17
+1.310000e-13,+6.999123e-17,+4.617927e-17,+6.718642e-17
+1.320000e-13,+7.046782e-17,+4.695830e-17,+6.818107e-17
+1.330000e-13,+7.066878e-17,+4.706860e-17,+6.843203e-17
+1.340000e-13,+7.170648e-17,+4.720690e-17,+6.868115e-17
+1.350000e-13,+7.267188e-17,+4.749497e-17,+6.830811e-17
+1.360000e-13,+7.288231e-17,+4.750081e-17,+6.927239e-17
+1.370000e-13,+7.367332e-17,+4.755722e-17,+6.969554e-17
+1.380000e-13,+7.455513e-17,+4.790600e-17,+7.023397e-17
+1.390000e-13,+7.457841e-17,+4.809668e-17,+7.046403e-17
+1.400000e-13,+7.493023e-17,+4.864044e-17,+7.047085e-17
+1.410000e-13,+7.528705e-17,+4.905523e-17,+7.057608e-17
+1.420000e-13,+7.568546e-17,+4.980266e-17,+7.065372e-17
+1.430000e-13,+7.640039e-17,+4.966112e-17,+7.093891e-17
+1.440000e-13,+7.726112e-17,+5.057565e-17,+7.205442e-17
+1.450000e-13,+7.751487e-17,+5.057360e-17,+7.233283e-17
+1.460000e-13,+7.863801e-17,+5.101460e-17,+7.193299e-17
+1.470000e-13,+7.819966e-17,+5.093025e-17,+7.272622e-17
+1.480000e-13,+7.907720e-17,+5.122814e-17,+7.406908e-17
+1.490000e-13,+7.877733e-17,+5.131182e-17,+7.430397e-17
+1.500000e-13,+7.977496e-17,+5.138226e-17,+7.433095e-17
+1.510000e-13,+8.105108e-17,+5.160518e-17,+7.443963e-17
+1.520000e-13,+8.148061e-17,+5.226735e-17,+7.432756e-17
+1.530000e-13,+8.370296e-17,+5.264887e-17,+7.611454e-17
+1.540000e-13,+8.453275e-17,+5.249528e-17,+7.626288e-17
+1.550000e-13,+8.489196e-17,+5.255165e-17,+7.646595e-17
+1.560000e-13,+8.528271e-17,+5.261135e-17,+7.746412e-17
+1.570000e-13,+8.604016e-17,+5.320914e-17,+7.751903e-17
+1.580000e-13,+8.712073e-17,+5.314055e-17,+7.769077e-17
+1.590000e-13,+8.751909e-17,+5.304715e-17,+7.829880e-17
+1.600000e-13,+8.804838e-17,+5.375859e-17,+7.867427e-17
+1.610000e-13,+8.861841e-17,+5.430127e-17,+7.904059e-17
+1.620000e-13,+8.926465e-17,+5.431728e-17,+7.976356e-17
+1.630000e-13,+8.953075e-17,+5.457966e-17,+8.002980e-17
+1.640000e-13,+8.962584e-17,+5.480927e-17,+7.971218e-17
+1.650000e-13,+9.050582e-17,+5.477660e-17,+7.930990e-17
+1.660000e-13,+9.028834e-17,+5.510189e-17,+8.017583e-17
+1.670000e-13,+9.081663e-17,+5.520135e-17,+8.059724e-17
+1.680000e-13,+9.151774e-17,+5.540922e-17,+8.151487e-17
+1.690000e-13,+9.115601e-17,+5.578072e-17,+8.272075e-17
+1.700000e-13,+9.165077e-17,+5.593282e-17,+8.288359e-17
+1.710000e-13,+9.216089e-17,+5.633917e-17,+8.388091e-17
+1.720000e-13,+9.281712e-17,+5.678051e-17,+8.425450e-17
+1.730000e-13,+9.311546e-17,+5.677689e-17,+8.472646e-17
+1.740000e-13,+9.315822e-17,+5.692744e-17,+8.538895e-17
+1.750000e-13,+9.437409e-17,+5.711039e-17,+8.562797e-17
+1.760000e-13,+9.516077e-17,+5.709648e-17,+8.671717e-17
+1.770000e-13,+9.648226e-17,+5.699179e-17,+8.745243e-17
+1.780000e-13,+9.690142e-17,+5.751573e-17,+8.677347e-17
+1.790000e-13,+9.765321e-17,+5.769457e-17,+8.641355e-17
+1.800000e-13,+9.876372e-17,+5.817201e-17,+8.675144e-17
+1.810000e-13,+9.930483e-17,+5.844170e-17,+8.707977e-17
+1.820000e-13,+1.003849e-16,+5.891207e-17,+8.758563e-17
+1.830000e-13,+1.000504e-16,+5.952715e-17,+8.795768e-17
+1.840000e-13,+1.012467e-16,+5.966689e-17,+8.844063e-17
+1.850000e-13,+1.013543e-16,+5.955841e-17,+8.842039e-17
+1.860000e-13,+1.018864e-16,+5.935359e-17,+8.868468e-17
+1.870000e-13,+1.024934e-16,+6.015555e-17,+8.878425e-17
+1.880000e-13,+1.029378e-16,+6.043005e-17,+8.979708e-17
+1.890000e-13,+1.041950e-16,+6.149700e-17,+9.047769e-17
+1.900000e-13,+1.055744e-16,+6.223555e-17,+9.146097e-17
+1.910000e-13,+1.066973e-16,+6.208726e-17,+9.223909e-17
+1.920000e-13,+1.062232e-16,+6.263732e-17,+9.233257e-17
+1.930000e-13,+1.060360e-16,+6.301412e-17,+9.266574e-17
+1.940000e-13,+1.064185e-16,+6.310611e-17,+9.288935e-17
+1.950000e-13,+1.067564e-16,+6.316995e-17,+9.391208e-17
+1.960000e-13,+1.068927e-16,+6.338748e-17,+9.373988e-17
+1.970000e-13,+1.078530e-16,+6.434374e-17,+9.472336e-17
+1.980000e-13,+1.091447e-16,+6.490617e-17,+9.482338e-17
+1.990000e-13,+1.101536e-16,+6.509276e-17,+9.574054e-17
+2.000000e-13,+1.107054e-16,+6.513956e-17,+9.584969e-17
+2.010000e-13,+1.114507e-16,+6.557094e-17,+9.557818e-17
+2.020000e-13,+1.114838e-16,+6.568718e-17,+9.602642e-17
+2.030000e-13,+1.116390e-16,+6.582549e-17,+9.726580e-17
+2.040000e-13,+1.126432e-16,+6.563552e-17,+9.843867e-17
+2.050000e-13,+1.129483e-16,+6.580606e-17,+9.884419e-17
+2.060000e-13,+1.133460e-16,+6.644383e-17,+9.979487e-17
+2.070000e-13,+1.142594e-16,+6.740549e-17,+9.895312e-17
+2.080000e-13,+1.160388e-16,+6.791067e-17,+9.908706e-17
+2.090000e-13,+1.156178e-16,+6.849212e-17,+9.986119e-17
+2.100000e-13,+1.161175e-16,+6.753373e-17,+1.006518e-16
+2.110000e-13,+1.153182e-16,+6.775481e-17,+1.002393e-16
+2.120000e-13,+1.154226e-16,+6.776505e-17,+1.006063e-16
+2.130000e-13,+1.161900e-16,+6.829181e-17,+1.015219e-16
+2.140000e-13,+1.165768e-16,+6.834525e-17,+1.013634e-16
+2.150000e-13,+1.169865e-16,+6.839310e-17,+1.020957e-16
+2.160000e-13,+1.173668e-16,+6.870612e-17,+1.026753e-16
+2.170000e-13,+1.177375e-16,+6.895696e-17,+1.029682e-16
+2.180000e-13,+1.181411e-16,+6.929851e-17,+1.029209e-16
+2.190000e-13,+1.176379e-16,+6.961292e-17,+1.029771e-16
+2.200000e-13,+1.187287e-16,+6.962240e-17,+1.036226e-16
+2.210000e-13,+1.191550e-16,+6.960119e-17,+1.043372e-16
+2.220000e-13,+1.191965e-16,+6.918597e-17,+1.045278e-16
+2.230000e-13,+1.191803e-16,+6.975098e-17,+1.052326e-16
+2.240000e-13,+1.191994e-16,+7.008939e-17,+1.057782e-16
+2.250000e-13,+1.197781e-16,+7.051722e-17,+1.064870e-16
+2.260000e-13,+1.196264e-16,+7.126309e-17,+1.062665e-16
+2.270000e-13,+1.203154e-16,+7.241862e-17,+1.073012e-16
+2.280000e-13,+1.199074e-16,+7.282404e-17,+1.083046e-16
+2.290000e-13,+1.197889e-16,+7.282332e-17,+1.088066e-16
+2.300000e-13,+1.196337e-16,+7.312114e-17,+1.099054e-16
+2.310000e-13,+1.209887e-16,+7.328697e-17,+1.098549e-16
+2.320000e-13,+1.207071e-16,+7.358318e-17,+1.105285e-16
+2.330000e-13,+1.218840e-16,+7.339000e-17,+1.107612e-16
+2.340000e-13,+1.225608e-16,+7.324388e-17,+1.114674e-16
+2.350000e-13,+1.224338e-16,+7.383288e-17,+1.126994e-16
+2.360000e-13,+1.226760e-16,+7.452253e-17,+1.136749e-16
+2.370000e-13,+1.229911e-16,+7.511383e-17,+1.146228e-16
+2.380000e-13,+1.231029e-16,+7.514159e-17,+1.150117e-16
+2.390000e-13,+1.238810e-16,+7.538959e-17,+1.154593e-16
+2.400000e-13,+1.247156e-16,+7.558559e-17,+1.166379e-16
+2.410000e-13,+1.254479e-16,+7.609581e-17,+1.174031e-16
+2.420000e-13,+1.260258e-16,+7.600692e-17,+1.182188e-16
+2.430000e-13,+1.263511e-16,+7.610686e-17,+1.179718e-16
+2.440000e-13,+1.264402e-16,+7.671232e-17,+1.187115e-16
+2.450000e-13,+1.280590e-16,+7.797154e-17,+1.197173e-16
+2.460000e-13,+1.285774e-16,+7.832691e-17,+1.201478e-16
+2.470000e-13,+1.294518e-16,+7.910623e-17,+1.211170e-16
+2.480000e-13,+1.298454e-16,+7.938922e-17,+1.217734e-16
+2.490000e-13,+1.295942e-16,+7.905151e-17,+1.217829e-16
+2.500000e-13,+1.295048e-16,+7.924783e-17,+1.219046e-16
+2.510000e-13,+1.298775e-16,+7.986111e-17,+1.218328e-16
+2.520000e-13,+1.297504e-16,+7.995509e-17,+1.229568e-16
+2.530000e-13,+1.304138e-16,+8.056845e-17,+1.235774e-16
+2.540000e-13,+1.303279e-16,+8.110416e-17,+1.232644e-16
+2.550000e-13,+1.309275e-16,+8.188628e-17,+1.243374e-16
+2.560000e-13,+1.319864e-16,+8.193945e-17,+1.247646e-16
+2.570000e-13,+1.324471e-16,+8.212645e-17,+1.258392e-16
+2.580000e-13,+1.321278e-16,+8.247442e-17,+1.276412e-16
+2.590000e-13,+1.323117e-16,+8.279033e-17,+1.284266e-16
+2.600000e-13,+1.336843e-16,+8.300840e-17,+1.287536e-16
+2.610000e-13,+1.339176e-16,+8.310723e-17,+1.293158e-16
+2.620000e-13,+1.347331e-16,+8.359940e-17,+1.295973e-16
+2.630000e-13,+1.337312e-16,+8.315725e-17,+1.296576e-16
+2.640000e-13,+1.345014e-16,+8.260310e-17,+1.298247e-16
+2.650000e-13,+1.341418e-16,+8.277069e-17,+1.302373e-16
+2.660000e-13,+1.342957e-16,+8.264209e-17,+1.293153e-16
+2.670000e-13,+1.342432e-16,+8.251250e-17,+1.294635e-16
+2.680000e-13,+1.356558e-16,+8.247857e-17,+1.293635e-16
+2.690000e-13,+1.363330e-16,+8.260381e-17,+1.303566e-16
+2.700000e-13,+1.373065e-16,+8.266167e-17,+1.325216e-16
+2.710000e-13,+1.372897e-16,+8.299335e-17,+1.329353e-16
+2.720000e-13,+1.375340e-16,+8.289333e-17,+1.334109e-16
+2.730000e-13,+1.385641e-16,+8.299358e-17,+1.341971e-16
+2.740000e-13,+1.384822e-16,+8.354926e-17,+1.353183e-16
+2.750000e-13,+1.387788e-16,+8.400843e-17,+1.365919e-16
+2.760000e-13,+1.393554e-16,+8.389240e-17,+1.374661e-16
+2.770000e-13,+1.394588e-16,+8.371987e-17,+1.382833e-16
+2.780000e-13,+1.398418e-16,+8.384034e-17,+1.392602e-16
+2.790000e-13,+1.401993e-16,+8.409294e-17,+1.396343e-16
+2.800000e-13,+1.407853e-16,+8.466303e-17,+1.403815e-16
+2.810000e-13,+1.414815e-16,+8.461308e-17,+1.404413e-16
+2.820000e-13,+1.414901e-16,+8.500319e-17,+1.411316e-16
+2.830000e-13,+1.418525e-16,+8.527685e-17,+1.417700e-16
+2.840000e-13,+1.415850e-16,+8.536180e-17,+1.423034e-16
+2.850000e-13,+1.427651e-16,+8.555172e-17,+1.432432e-16
+2.860000e-13,+1.432664e-16,+8.676306e-17,+1.426319e-16
+2.870000e-13,+1.430187e-16,+8.685848e-17,+1.431516e-16
+2.880000e-13,+1.423845e-16,+8.779865e-17,+1.438681e-16
+2.890000e-13,+1.428111e-16,+8.760999e-17,+1.437536e-16
+2.900000e-13,+1.429902e-16,+8.784867e-17,+1.440284e-16
+2.910000e-13,+1.431357e-16,+8.790951e-17,+1.444995e-16
+2.920000e-13,+1.441056e-16,+8.814286e-17,+1.443731e-16
+2.930000e-13,+1.444601e-16,+8.830025e-17,+1.441913e-16
+2.940000e-13,+1.454707e-16,+8.893483e-17,+1.446366e-16
+2.950000e-13,+1.464915e-16,+8.878001e-17,+1.455968e-16
+2.960000e-13,+1.462382e-16,+8.933810e-17,+1.454817e-16
+2.970000e-13,+1.476481e-16,+8.963928e-17,+1.450932e-16
+2.980000e-13,+1.481575e-16,+9.047346e-17,+1.460768e-16
+2.990000e-13,+1.494315e-16,+9.043490e-17,+1.481344e-16
+3.000000e-13,+1.495867e-16,+9.039868e-17,+1.490935e-16
+3.010000e-13,+1.502627e-16,+9.157661e-17,+1.494923e-16
+3.020000e-13,+1.510170e-16,+9.202728e-17,+1.501394e-16
+3.030000e-13,+1.510087e-16,+9.170344e-17,+1.507557e-16
+3.040000e-13,+1.510284e-16,+9.150646e-17,+1.507719e-16
+3.050000e-13,+1.524784e-16,+9.154710e-17,+1.514116e-16
+3.060000e-13,+1.531773e-16,+9.248252e-17,+1.528832e-16
+3.070000e-13,+1.538272e-16,+9.328489e-17,+1.534939e-16
+3.080000e-13,+1.541737e-16,+9.342397e-17,+1.542258e-16
+3.090000e-13,+1.540317e-16,+9.346295e-17,+1.540187e-16
+3.100000e-13,+1.546383e-16,+9.390318e-17,+1.546086e-16
+3.110000e-13,+1.549909e-16,+9.357588e-17,+1.543829e-16
+3.120000e-13,+1.547490e-16,+9.353208e-17,+1.555668e-16
+3.130000e-13,+1.558269e-16,+9.392644e-17,+1.562387e-16
+3.140000e-13,+1.558465e-16,+9.349298e-17,+1.566135e-16
+3.150000e-13,+1.569186e-16,+9.463700e-17,+1.575212e-16
+3.160000e-13,+1.569650e-16,+9.487492e-17,+1.579573e-16
+3.170000e-13,+1.581321e-16,+9.529515e-17,+1.583551e-16
+3.180000e-13,+1.579071e-16,+9.598622e-17,+1.597464e-16
+3.190000e-13,+1.579233e-16,+9.634466e-17,+1.600246e-16
+3.200000e-13,+1.583200e-16,+9.681713e-17,+1.605490e-16
+3.210000e-13,+1.582406e-16,+9.702551e-17,+1.611357e-16
+3.220000e-13,+1.587474e-16,+9.755556e-17,+1.610818e-16
+3.230000e-13,+1.587566e-16,+9.798277e-17,+1.614803e-16
+3.240000e-13,+1.593823e-16,+9.817013e-17,+1.624487e-16
+3.250000e-13,+1.597445e-16,+9.807830e-17,+1.630164e-16
+3.260000e-13,+1.607236e-16,+9.935927e-17,+1.630381e-16
+3.270000e-13,+1.608720e-16,+9.913649e-17,+1.615616e-16
+3.280000e-13,+1.611308e-16,+9.953778e-17,+1.623134e-16
+3.290000e-13,+1.613242e-16,+9.973110e-17,+1.620174e-16
+3.300000e-13,+1.618907e-16,+1.000219e-16,+1.636396e-16
+3.310000e-13,+1.617725e-16,+1.003642e-16,+1.651489e-16
+3.320000e-13,+1.622017e-16,+1.005539e-16,+1.647344e-16
+3.330000e-13,+1.628232e-16,+1.007302e-16,+1.655496e-16
+3.340000e-13,+1.629931e-16,+1.013907e-16,+1.659394e-16
+3.350000e-13,+1.635878e-16,+1.016850e-16,+1.670468e-16
+3.360000e-13,+1.648661e-16,+1.014179e-16,+1.667196e-16
+3.370000e-13,+1.654099e-16,+1.008546e-16,+1.667241e-16
+3.380000e-13,+1.657839e-16,+1.005451e-16,+1.675806e-16
+3.390000e-13,+1.654614e-16,+1.009998e-16,+1.683331e-16
+3.400000e-13,+1.661828e-16,+1.014097e-16,+1.689271e-16
+3.410000e-13,+1.661407e-16,+1.016158e-16,+1.686379e-16
+3.420000e-13,+1.670578e-16,+1.013286e-16,+1.685877e-16
+3.430000e-13,+1.670362e-16,+1.015199e-16,+1.690304e-16
+3.440000e-13,+1.678459e-16,+1.012413e-16,+1.702686e-16
+3.450000e-13,+1.681713e-16,+1.016392e-16,+1.700981e-16
+3.460000e-13,+1.687147e-16,+1.020799e-16,+1.706904e-16
+3.470000e-13,+1.690607e-16,+1.030246e-16,+1.698268e-16
+3.480000e-13,+1.712050e-16,+1.035944e-16,+1.703812e-16
+3.490000e-13,+1.714037e-16,+1.031165e-16,+1.704188e-16
+3.500000e-13,+1.725620e-16,+1.037212e-16,+1.706066e-16
+3.510000e-13,+1.727607e-16,+1.029569e-16,+1.710253e-16
+3.520000e-13,+1.723063e-16,+1.031048e-16,+1.709478e-16
+3.530000e-13,+1.726157e-16,+1.035552e-16,+1.713574e-16
+3.540000e-13,+1.737499e-16,+1.037863e-16,+1.722008e-16
+3.550000e-13,+1.741413e-16,+1.033882e-16,+1.738436e-16
+3.560000e-13,+1.749396e-16,+1.032524e-16,+1.744322e-16
+3.570000e-13,+1.748688e-16,+1.038116e-16,+1.738528e-16
+3.580000e-13,+1.759646e-16,+1.039474e-16,+1.739958e-16
+3.590000e-13,+1.766132e-16,+1.047812e-16,+1.736854e-16
+3.600000e-13,+1.774217e-16,+1.043283e-16,+1.742391e-16
+3.610000e-13,+1.780859e-16,+1.048315e-16,+1.744349e-16
+3.620000e-13,+1.783318e-16,+1.048391e-16,+1.750014e-16
+3.630000e-13,+1.784917e-16,+1.047948e-16,+1.747398e-16
+3.640000e-13,+1.795608e-16,+1.052638e-16,+1.753716e-16
+3.650000e-13,+1.805673e-16,+1.059998e-16,+1.748851e-16
+3.660000e-13,+1.819133e-16,+1.066794e-16,+1.753687e-16
+3.670000e-13,+1.812940e-16,+1.070871e-16,+1.757846e-16
+3.680000e-13,+1.806574e-16,+1.070471e-16,+1.760116e-16
+3.690000e-13,+1.795307e-16,+1.077230e-16,+1.761209e-16
+3.700000e-13,+1.796929e-16,+1.077580e-16,+1.761852e-16
+3.710000e-13,+1.815642e-16,+1.080588e-16,+1.766484e-16
+3.720000e-13,+1.815948e-16,+1.080446e-16,+1.764854e-16
+3.730000e-13,+1.824832e-16,+1.090654e-16,+1.772919e-16
+3.740000e-13,+1.835630e-16,+1.093285e-16,+1.779044e-16
+3.750000e-13,+1.846154e-16,+1.098522e-16,+1.799173e-16
+3.760000e-13,+1.848007e-16,+1.095939e-16,+1.794065e-16
+3.770000e-13,+1.856105e-16,+1.106061e-16,+1.799088e-16
+3.780000e-13,+1.855378e-16,+1.106761e-16,+1.811188e-16
+3.790000e-13,+1.856375e-16,+1.102607e-16,+1.822819e-16
+3.800000e-13,+1.860226e-16,+1.103849e-16,+1.826837e-16
+3.810000e-13,+1.861536e-16,+1.110006e-16,+1.837301e-16
+3.820000e-13,+1.871590e-16,+1.120703e-16,+1.847646e-16
+3.830000e-13,+1.881175e-16,+1.128490e-16,+1.858036e-16
+3.840000e-13,+1.891260e-16,+1.131743e-16,+1.869860e-16
+3.850000e-13,+1.897509e-16,+1.134350e-16,+1.871122e-16
+3.860000e-13,+1.901795e-16,+1.129913e-16,+1.873197e-16
+3.870000e-13,+1.914863e-16,+1.129137e-16,+1.878509e-16
+3.880000e-13,+1.909004e-16,+1.128565e-16,+1.892353e-16
+3.890000e-13,+1.922700e-16,+1.122902e-16,+1.894765e-16
+3.900000e-13,+1.926780e-16,+1.126649e-16,+1.890894e-16
+3.910000e-13,+1.923770e-16,+1.130740e-16,+1.899191e-16
+3.920000e-13,+1.935081e-16,+1.138622e-16,+1.905156e-16
+3.930000e-13,+1.951163e-16,+1.142418e-16,+1.913994e-16
+3.940000e-13,+1.969758e-16,+1.146273e-16,+1.925119e-16
+3.950000e-13,+1.980005e-16,+1.154675e-16,+1.916454e-16
+3.960000e-13,+1.977329e-16,+1.150794e-16,+1.914718e-16
+3.970000e-13,+1.987559e-16,+1.156230e-16,+1.904919e-16
+3.980000e-13,+2.001476e-16,+1.160409e-16,+1.915506e-16
+3.990000e-13,+2.016233e-16,+1.159645e-16,+1.922191e-16
+4.000000e-13,+2.010172e-16,+1.161455e-16,+1.928264e-16
+4.010000e-13,+2.007615e-16,+1.161890e-16,+1.934237e-16
+4.020000e-13,+2.017026e-16,+1.161633e-16,+1.944636e-16
+4.030000e-13,+2.026288e-16,+1.160418e-16,+1.947419e-16
+4.040000e-13,+2.032944e-16,+1.166838e-16,+1.948211e-16
+4.050000e-13,+2.030931e-16,+1.168963e-16,+1.950533e-16
+4.060000e-13,+2.036770e-16,+1.165308e-16,+1.947951e-16
+4.070000e-13,+2.037393e-16,+1.172619e-16,+1.947168e-16
+4.080000e-13,+2.035185e-16,+1.173667e-16,+1.950899e-16
+4.090000e-13,+2.043540e-16,+1.169161e-16,+1.953993e-16
+4.100000e-13,+2.048473e-16,+1.174554e-16,+1.952526e-16
+4.110000e-13,+2.050819e-16,+1.178999e-16,+1.955640e-16
+4.120000e-13,+2.056957e-16,+1.181906e-16,+1.968367e-16
+4.130000e-13,+2.060858e-16,+1.184690e-16,+1.960513e-16
+4.140000e-13,+2.053968e-16,+1.193101e-16,+1.970521e-16
+4.150000e-13,+2.062596e-16,+1.197523e-16,+1.976222e-16
+4.160000e-13,+2.066019e-16,+1.199134e-16,+1.988672e-16
+4.170000e-13,+2.080407e-16,+1.204535e-16,+1.997596e-16
+4.180000e-13,+2.083341e-16,+1.206431e-16,+1.998322e-16
+4.190000e-13,+2.095031e-16,+1.213358e-16,+1.996186e-16
+4.200000e-13,+2.111869e-16,+1.220647e-16,+2.006682e-16
+4.210000e-13,+2.109997e-16,+1.222967e-16,+2.010442e-16
+4.220000e-13,+2.105902e-16,+1.225303e-16,+2.012169e-16
+4.230000e-13,+2.108433e-16,+1.230690e-16,+2.019899e-16
+4.240000e-13,+2.116213e-16,+1.232690e-16,+2.021822e-16
+4.250000e-13,+2.110572e-16,+1.230490e-16,+2.023531e-16
+4.260000e-13,+2.107987e-16,+1.234426e-16,+2.025230e-16
+4.270000e-13,+2.118890e-16,+1.224636e-16,+2.024837e-16
+4.280000e-13,+2.133068e-16,+1.225670e-16,+2.029519e-16
+4.290000e-13,+2.138214e-16,+1.220847e-16,+2.030936e-16
+4.300000e-13,+2.148974e-16,+1.219342e-16,+2.031060e-16
+4.310000e-13,+2.159565e-16,+1.221596e-16,+2.037617e-16
+4.320000e-13,+2.163048e-16,+1.228292e-16,+2.046377e-16
+4.330000e-13,+2.178503e-16,+1.223030e-16,+2.040355e-16
+4.340000e-13,+2.200191e-16,+1.221710e-16,+2.047836e-16
+4.350000e-13,+2.205035e-16,+1.219389e-16,+2.045056e-16
+4.360000e-13,+2.208478e-16,+1.217896e-16,+2.049084e-16
+4.370000e-13,+2.206965e-16,+1.220250e-16,+2.070185e-16
+4.380000e-13,+2.209409e-16,+1.219845e-16,+2.080207e-16
+4.390000e-13,+2.214908e-16,+1.221056e-16,+2.097474e-16
+4.400000e-13,+2.219172e-16,+1.224048e-16,+2.097840e-16
+4.410000e-13,+2.220472e-16,+1.226570e-16,+2.097416e-16
+4.420000e-13,+2.231327e-16,+1.235760e-16,+2.102850e-16
+4.430000e-13,+2.238125e-16,+1.243673e-16,+2.105068e-16
+4.440000e-13,+2.231770e-16,+1.244169e-16,+2.122043e-16
+4.450000e-13,+2.229419e-16,+1.250350e-16,+2.131944e-16
+4.460000e-13,+2.244062e-16,+1.246683e-16,+2.142397e-16
+4.470000e-13,+2.260387e-16,+1.257411e-16,+2.142086e-16
+4.480000e-13,+2.264217e-16,+1.260748e-16,+2.159682e-16
+4.490000e-13,+2.256819e-16,+1.274380e-16,+2.148718e-16
+4.500000e-13,+2.258336e-16,+1.277373e-16,+2.155268e-16
+4.510000e-13,+2.253587e-16,+1.280861e-16,+2.156136e-16
+4.520000e-13,+2.252276e-16,+1.281786e-16,+2.155608e-16
+4.530000e-13,+2.255772e-16,+1.283060e-16,+2.166328e-16
+4.540000e-13,+2.262100e-16,+1.288873e-16,+2.170111e-16
+4.550000e-13,+2.267331e-16,+1.294829e-16,+2.169756e-16
+4.560000e-13,+2.283924e-16,+1.292004e-16,+2.183114e-16
+4.570000e-13,+2.282791e-16,+1.292652e-16,+2.191949e-16
+4.580000e-13,+2.279092e-16,+1.295173e-16,+2.203305e-16
+4.590000e-13,+2.285081e-16,+1.300781e-16,+2.204236e-16
+4.600000e-13,+2.292937e-16,+1.304587e-16,+2.205763e-16
+4.610000e-13,+2.295202e-16,+1.302453e-16,+2.211715e-16
+4.620000e-13,+2.301623e-16,+1.307057e-16,+2.211392e-16
+4.630000e-13,+2.321262e-16,+1.302256e-16,+2.214823e-16
+4.640000e-13,+2.331789e-16,+1.306155e-16,+2.215285e-16
+4.650000e-13,+2.342579e-16,+1.300146e-16,+2.227246e-16
+4.660000e-13,+2.352434e-16,+1.295822e-16,+2.228882e-16
+4.670000e-13,+2.374695e-16,+1.301693e-16,+2.240576e-16
+4.680000e-13,+2.376768e-16,+1.300842e-16,+2.247640e-16
+4.690000e-13,+2.370254e-16,+1.299596e-16,+2.251710e-16
+4.700000e-13,+2.375436e-16,+1.302082e-16,+2.241916e-16
+4.710000e-13,+2.377680e-16,+1.296955e-16,+2.238841e-16
+4.720000e-13,+2.390567e-16,+1.300609e-16,+2.252437e-16
+4.730000e-13,+2.396258e-16,+1.297401e-16,+2.268424e-16
+4.740000e-13,+2.405937e-16,+1.308482e-16,+2.261449e-16
+4.750000e-13,+2.406121e-16,+1.308564e-16,+2.266241e-16
+4.760000e-13,+2.406047e-16,+1.305133e-16,+2.270116e-16
+4.770000e-13,+2.404553e-16,+1.302152e-16,+2.266987e-16
+4.780000e-13,+2.414802e-16,+1.307611e-16,+2.277617e-16
+4.790000e-13,+2.417675e-16,+1.312169e-16,+2.268123e-16
+4.800000e-13,+2.414905e-16,+1.312675e-16,+2.260356e-16
+4.810000e-13,+2.426608e-16,+1.319292e-16,+2.271453e-16
+4.820000e-13,+2.431150e-16,+1.318762e-16,+2.282992e-16
+4.830000e-13,+2.447323e-16,+1.320883e-16,+2.286362e-16
+4.840000e-13,+2.452928e-16,+1.322506e-16,+2.298576e-16
+4.850000e-13,+2.453122e-16,+1.330051e-16,+2.305824e-16
+4.860000e-13,+2.464235e-16,+1.332696e-16,+2.312259e-16
+4.870000e-13,+2.460807e-16,+1.331014e-16,+2.303132e-16
+4.880000e-13,+2.463523e-16,+1.329473e-16,+2.304207e-16
+4.890000e-13,+2.458690e-16,+1.336778e-16,+2.308204e-16
+4.900000e-13,+2.480668e-16,+1.334106e-16,+2.316037e-16
+4.910000e-13,+2.476746e-16,+1.333994e-16,+2.313620e-16
+4.920000e-13,+2.486115e-16,+1.338452e-16,+2.317908e-16
+4.930000e-13,+2.496007e-16,+1.335401e-16,+2.331850e-16
+4.940000e-13,+2.505162e-16,+1.341111e-16,+2.331799e-16
+4.950000e-13,+2.494611e-16,+1.345591e-16,+2.340193e-16
+4.960000e-13,+2.493239e-16,+1.343506e-16,+2.351036e-16
+4.970000e-13,+2.492900e-16,+1.349365e-16,+2.365857e-16
+4.980000e-13,+2.496044e-16,+1.352746e-16,+2.370540e-16
+4.990000e-13,+2.496644e-16,+1.357179e-16,+2.383101e-16
+5.000000e-13,+2.501526e-16,+1.365130e-16,+2.380151e-16
+5.010000e-13,+2.515784e-16,+1.364282e-16,+2.383277e-16
+5.020000e-13,+2.509869e-16,+1.362960e-16,+2.391254e-16
+5.030000e-13,+2.512676e-16,+1.363563e-16,+2.391968e-16
+5.040000e-13,+2.514939e-16,+1.364437e-16,+2.412611e-16
+5.050000e-13,+2.515207e-16,+1.364340e-16,+2.430567e-16
+5.060000e-13,+2.532551e-16,+1.364136e-16,+2.435187e-16
+5.070000e-13,+2.554550e-16,+1.367787e-16,+2.441640e-16
+5.080000e-13,+2.559928e-16,+1.373628e-16,+2.453112e-16
+5.090000e-13,+2.571361e-16,+1.375370e-16,+2.461613e-16
+5.100000e-13,+2.580178e-16,+1.379074e-16,+2.460897e-16
+5.110000e-13,+2.577624e-16,+1.380672e-16,+2.476237e-16
+5.120000e-13,+2.592590e-16,+1.379101e-16,+2.469554e-16
+5.130000e-13,+2.601697e-16,+1.384795e-16,+2.477993e-16
+5.140000e-13,+2.618616e-16,+1.386719e-16,+2.472852e-16
+5.150000e-13,+2.623819e-16,+1.386913e-16,+2.481146e-16
+5.160000e-13,+2.617679e-16,+1.379686e-16,+2.492656e-16
+5.170000e-13,+2.618477e-16,+1.381388e-16,+2.494819e-16
+5.180000e-13,+2.630455e-16,+1.382904e-16,+2.508618e-16
+5.190000e-13,+2.635139e-16,+1.380317e-16,+2.508052e-16
+5.200000e-13,+2.643235e-16,+1.382949e-16,+2.516504e-16
+5.210000e-13,+2.646921e-16,+1.392085e-16,+2.521712e-16
+5.220000e-13,+2.652616e-16,+1.389453e-16,+2.521678e-16
+5.230000e-13,+2.653255e-16,+1.385211e-16,+2.537600e-16
+5.240000e-13,+2.657422e-16,+1.391902e-16,+2.539405e-16
+5.250000e-13,+2.671701e-16,+1.392954e-16,+2.547550e-16
+5.260000e-13,+2.669762e-16,+1.399294e-16,+2.551804e-16
+5.270000e-13,+2.678488e-16,+1.399190e-16,+2.552362e-16
+5.280000e-13,+2.690130e-16,+1.403108e-16,+2.557722e-16
+5.290000e-13,+2.700445e-16,+1.410917e-16,+2.557361e-16
+5.300000e-13,+2.702637e-16,+1.413415e-16,+2.561314e-16
+5.310000e-13,+2.702759e-16,+1.420419e-16,+2.564086e-16
+5.320000e-13,+2.704929e-16,+1.424266e-16,+2.570084e-16
+5.330000e-13,+2.707281e-16,+1.427865e-16,+2.570206e-16
+5.340000e-13,+2.715538e-16,+1.427162e-16,+2.576766e-16
+5.350000e-13,+2.727382e-16,+1.428569e-16,+2.570343e-16
+5.360000e-13,+2.732902e-16,+1.423826e-16,+2.580996e-16
+5.370000e-13,+2.747837e-16,+1.418539e-16,+2.574271e-16
+5.380000e-13,+2.761539e-16,+1.421755e-16,+2.579244e-16
+5.390000e-13,+2.752992e-16,+1.420850e-16,+2.582722e-16
+5.400000e-13,+2.749936e-16,+1.424303e-16,+2.584156e-16
+5.410000e-13,+2.746988e-16,+1.432814e-16,+2.578197e-16
+5.420000e-13,+2.753842e-16,+1.441709e-16,+2.575311e-16
+5.430000e-13,+2.765837e-16,+1.453161e-16,+2.569031e-16
+5.440000e-13,+2.764141e-16,+1.456019e-16,+2.568646e-16
+5.450000e-13,+2.765487e-16,+1.454882e-16,+2.571540e-16
+5.460000e-13,+2.774044e-16,+1.457199e-16,+2.574837e-16
+5.470000e-13,+2.761380e-16,+1.451892e-16,+2.587781e-16
+5.480000e-13,+2.777526e-16,+1.449264e-16,+2.590894e-16
+5.490000e-13,+2.764652e-16,+1.449793e-16,+2.595708e-16
+5.500000e-13,+2.761050e-16,+1.456401e-16,+2.599855e-16
+5.510000e-13,+2.760943e-16,+1.464037e-16,+2.603941e-16
+5.520000e-13,+2.760465e-16,+1.466437e-16,+2.608552e-16
+5.530000e-13,+2.765667e-16,+1.474654e-16,+2.621079e-16
+5.540000e-13,+2.765940e-16,+1.485755e-16,+2.633524e-16
+5.550000e-13,+2.765401e-16,+1.491023e-16,+2.649723e-16
+5.560000e-13,+2.764685e-16,+1.490002e-16,+2.653195e-16
+5.570000e-13,+2.777499e-16,+1.488752e-16,+2.666258e-16
+5.580000e-13,+2.793184e-16,+1.494528e-16,+2.675010e-16
+5.590000e-13,+2.794277e-16,+1.496026e-16,+2.670359e-16
+5.600000e-13,+2.799003e-16,+1.500255e-16,+2.675019e-16
+5.610000e-13,+2.795190e-16,+1.503182e-16,+2.684225e-16
+5.620000e-13,+2.791455e-16,+1.505449e-16,+2.686753e-16
+5.630000e-13,+2.796417e-16,+1.510849e-16,+2.699069e-16
+5.640000e-13,+2.799844e-16,+1.519108e-16,+2.716574e-16
+5.650000e-13,+2.799143e-16,+1.521945e-16,+2.715471e-16
+5.660000e-13,+2.803160e-16,+1.527310e-16,+2.720760e-16
+5.670000e-13,+2.799156e-16,+1.541228e-16,+2.732627e-16
+5.680000e-13,+2.804190e-16,+1.545421e-16,+2.733737e-16
+5.690000e-13,+2.808096e-16,+1.554910e-16,+2.737032e-16
+5.700000e-13,+2.816992e-16,+1.560284e-16,+2.742972e-16
+5.710000e-13,+2.819564e-16,+1.566977e-16,+2.752475e-16
+5.720000e-13,+2.821835e-16,+1.568046e-16,+2.759206e-16
+5.730000e-13,+2.829602e-16,+1.571535e-16,+2.764827e-16
+5.740000e-13,+2.836265e-16,+1.571918e-16,+2.770062e-16
+5.750000e-13,+2.851483e-16,+1.581223e-16,+2.765795e-16
+5.760000e-13,+2.851601e-16,+1.584210e-16,+2.759648e-16
+5.770000e-13,+2.854869e-16,+1.596441e-16,+2.758288e-16
+5.780000e-13,+2.874932e-16,+1.593800e-16,+2.769140e-16
+5.790000e-13,+2.885475e-16,+1.594681e-16,+2.773518e-16
+5.800000e-13,+2.890077e-16,+1.592341e-16,+2.773876e-16
+5.810000e-13,+2.879749e-16,+1.590473e-16,+2.780380e-16
+5.820000e-13,+2.878950e-16,+1.596436e-16,+2.763462e-16
+5.830000e-13,+2.886283e-16,+1.598588e-16,+2.761909e-16
+5.840000e-13,+2.912672e-16,+1.598120e-16,+2.750988e-16
+5.850000e-13,+2.924212e-16,+1.597409e-16,+2.758986e-16
+5.860000e-13,+2.924916e-16,+1.604290e-16,+2.764302e-16
+5.870000e-13,+2.922696e-16,+1.609408e-16,+2.772694e-16
+5.880000e-13,+2.909277e-16,+1.602431e-16,+2.762284e-16
+5.890000e-13,+2.932146e-16,+1.614899e-16,+2.779916e-16
+5.900000e-13,+2.929148e-16,+1.621543e-16,+2.777850e-16
+5.910000e-13,+2.938576e-16,+1.621595e-16,+2.774695e-16
+5.920000e-13,+2.947216e-16,+1.618616e-16,+2.794129e-16
+5.930000e-13,+2.941846e-16,+1.616733e-16,+2.807100e-16
+5.940000e-13,+2.960146e-16,+1.625134e-16,+2.798886e-16
+5.950000e-13,+2.970963e-16,+1.624033e-16,+2.804677e-16
+5.960000e-13,+2.967513e-16,+1.623363e-16,+2.803188e-16
+5.970000e-13,+2.973724e-16,+1.621371e-16,+2.808060e-16
+5.980000e-13,+2.988228e-16,+1.621893e-16,+2.814883e-16
+5.990000e-13,+2.987269e-16,+1.630704e-16,+2.819433e-16
+6.000000e-13,+3.002867e-16,+1.628129e-16,+2.828291e-16
+6.010000e-13,+3.005302e-16,+1.626558e-16,+2.831202e-16
+6.020000e-13,+3.018999e-16,+1.629371e-16,+2.832497e-16
+6.030000e-13,+3.023500e-16,+1.631752e-16,+2.837553e-16
+6.040000e-13,+3.038289e-16,+1.641411e-16,+2.836820e-16
+6.050000e-13,+3.053450e-16,+1.647919e-16,+2.853718e-16
+6.060000e-13,+3.060771e-16,+1.656475e-16,+2.853140e-16
+6.070000e-13,+3.079296e-16,+1.660422e-16,+2.855763e-16
+6.080000e-13,+3.084271e-16,+1.659298e-16,+2.865842e-16
+6.090000e-13,+3.089395e-16,+1.662980e-16,+2.878624e-16
+6.100000e-13,+3.085884e-16,+1.657221e-16,+2.882688e-16
+6.110000e-13,+3.081561e-16,+1.660848e-16,+2.886455e-16
+6.120000e-13,+3.082646e-16,+1.660436e-16,+2.882756e-16
+6.130000e-13,+3.090280e-16,+1.664704e-16,+2.885741e-16
+6.140000e-13,+3.085661e-16,+1.671873e-16,+2.881325e-16
+6.150000e-13,+3.080390e-16,+1.676620e-16,+2.882653e-16
+6.160000e-13,+3.068936e-16,+1.678969e-16,+2.875941e-16
+6.170000e-13,+3.072206e-16,+1.686513e-16,+2.873803e-16
+6.180000e-13,+3.080032e-16,+1.680732e-16,+2.873472e-16
+6.190000e-13,+3.078670e-16,+1.686355e-16,+2.872341e-16
+6.200000e-13,+3.076149e-16,+1.690858e-16,+2.884639e-16
+6.210000e-13,+3.077459e-16,+1.688227e-16,+2.899683e-16
+6.220000e-13,+3.076101e-16,+1.688628e-16,+2.908315e-16
+6.230000e-13,+3.069539e-16,+1.689970e-16,+2.912751e-16
+6.240000e-13,+3.073295e-16,+1.702913e-16,+2.914739e-16
+6.250000e-13,+3.072661e-16,+1.705985e-16,+2.923804e-16
+6.260000e-13,+3.084772e-16,+1.703560e-16,+2.919684e-16
+6.270000e-13,+3.097846e-16,+1.707686e-16,+2.915419e-16
+6.280000e-13,+3.103076e-16,+1.702558e-16,+2.918105e-16
+6.290000e-13,+3.103185e-16,+1.698401e-16,+2.925479e-16
+6.300000e-13,+3.103357e-16,+1.699571e-16,+2.933926e-16
+6.310000e-13,+3.100657e-16,+1.697462e-16,+2.933496e-16
+6.320000e-13,+3.101567e-16,+1.701019e-16,+2.921949e-16
+6.330000e-13,+3.100622e-16,+1.701681e-16,+2.936462e-16
+6.340000e-13,+3.100776e-16,+1.710087e-16,+2.940274e-16
+6.350000e-13,+3.106041e-16,+1.718820e-16,+2.948440e-16
+6.360000e-13,+3.116441e-16,+1.709605e-16,+2.946922e-16
+6.370000e-13,+3.128520e-16,+1.719381e-16,+2.961615e-16
+6.380000e-13,+3.130471e-16,+1.725637e-16,+2.959866e-16
+6.390000e-13,+3.150066e-16,+1.729774e-16,+2.960332e-16
+6.400000e-13,+3.160232e-16,+1.724633e-16,+2.989661e-16
+6.410000e-13,+3.165488e-16,+1.721537e-16,+3.006853e-16
+6.420000e-13,+3.171443e-16,+1.725989e-16,+3.008353e-16
+6.430000e-13,+3.170340e-16,+1.726424e-16,+3.010653e-16
+6.440000e-13,+3.183278e-16,+1.727455e-16,+3.001447e-16
+6.450000e-13,+3.201709e-16,+1.729593e-16,+3.020905e-16
+6.460000e-13,+3.201980e-16,+1.728075e-16,+3.020260e-16
+6.470000e-13,+3.197889e-16,+1.727318e-16,+3.020127e-16
+6.480000e-13,+3.196140e-16,+1.723714e-16,+3.022346e-16
+6.490000e-13,+3.192938e-16,+1.722609e-16,+3.025761e-16
+6.500000e-13,+3.199528e-16,+1.718524e-16,+3.024890e-16
+6.510000e-13,+3.205505e-16,+1.729110e-16,+3.033116e-16
+6.520000e-13,+3.196877e-16,+1.736240e-16,+3.035620e-16
+6.530000e-13,+3.194806e-16,+1.731822e-16,+3.040602e-16
+6.540000e-13,+3.192506e-16,+1.737106e-16,+3.038998e-16
+6.550000e-13,+3.193562e-16,+1.735039e-16,+3.040866e-16
+6.560000e-13,+3.211891e-16,+1.737313e-16,+3.049358e-16
+6.570000e-13,+3.202342e-16,+1.735225e-16,+3.049704e-16
+6.580000e-13,+3.201837e-16,+1.748724e-16,+3.056745e-16
+6.590000e-13,+3.215566e-16,+1.745241e-16,+3.047487e-16
+6.600000e-13,+3.218553e-16,+1.744898e-16,+3.056615e-16
+6.610000e-13,+3.218287e-16,+1.747015e-16,+3.048782e-16
+6.620000e-13,+3.210633e-16,+1.750248e-16,+3.039663e-16
+6.630000e-13,+3.223296e-16,+1.752132e-16,+3.049412e-16
+6.640000e-13,+3.226140e-16,+1.747020e-16,+3.048903e-16
+6.650000e-13,+3.232085e-16,+1.752984e-16,+3.053509e-16
+6.660000e-13,+3.240740e-16,+1.747419e-16,+3.062835e-16
+6.670000e-13,+3.236057e-16,+1.754439e-16,+3.067587e-16
+6.680000e-13,+3.235305e-16,+1.756449e-16,+3.066937e-16
+6.690000e-13,+3.240208e-16,+1.763714e-16,+3.061164e-16
+6.700000e-13,+3.232335e-16,+1.773734e-16,+3.052865e-16
+6.710000e-13,+3.240077e-16,+1.777026e-16,+3.040146e-16
+6.720000e-13,+3.249181e-16,+1.785290e-16,+3.030991e-16
+6.730000e-13,+3.250426e-16,+1.777794e-16,+3.044642e-16
+6.740000e-13,+3.257707e-16,+1.786108e-16,+3.055742e-16
+6.750000e-13,+3.259301e-16,+1.786241e-16,+3.061021e-16
+6.760000e-13,+3.268795e-16,+1.794232e-16,+3.075336e-16
+6.770000e-13,+3.279509e-16,+1.793005e-16,+3.070790e-16
+6.780000e-13,+3.276347e-16,+1.802370e-16,+3.071214e-16
+6.790000e-13,+3.297233e-16,+1.797481e-16,+3.072379e-16
+6.800000e-13,+3.310233e-16,+1.799697e-16,+3.064346e-16
+6.810000e-13,+3.338612e-16,+1.802368e-16,+3.057945e-16
+6.820000e-13,+3.335667e-16,+1.805497e-16,+3.070353e-16
+6.830000e-13,+3.328162e-16,+1.797162e-16,+3.083677e-16
+6.840000e-13,+3.334594e-16,+1.794799e-16,+3.081039e-16
+6.850000e-13,+3.328080e-16,+1.792668e-16,+3.087261e-16
+6.860000e-13,+3.333386e-16,+1.789549e-16,+3.087564e-16
+6.870000e-13,+3.351474e-16,+1.789447e-16,+3.098163e-16
+6.880000e-13,+3.365996e-16,+1.793307e-16,+3.111332e-16
+6.890000e-13,+3.373781e-16,+1.795686e-16,+3.118021e-16
+6.900000e-13,+3.363035e-16,+1.806966e-16,+3.107528e-16
+6.910000e-13,+3.350331e-16,+1.806983e-16,+3.130690e-16
+6.920000e-13,+3.356934e-16,+1.815108e-16,+3.124547e-16
+6.930000e-13,+3.361267e-16,+1.817668e-16,+3.122933e-16
+6.940000e-13,+3.366218e-16,+1.821948e-16,+3.119550e-16
+6.950000e-13,+3.378033e-16,+1.829758e-16,+3.130677e-16
+6.960000e-13,+3.378051e-16,+1.834906e-16,+3.140425e-16
+6.970000e-13,+3.386140e-16,+1.828348e-16,+3.141663e-16
+6.980000e-13,+3.384340e-16,+1.824101e-16,+3.145793e-16
+6.990000e-13,+3.391236e-16,+1.826544e-16,+3.145719e-16
+7.000000e-13,+3.387081e-16,+1.831031e-16,+3.151890e-16
+7.010000e-13,+3.385076e-16,+1.827937e-16,+3.164724e-16
+7.020000e-13,+3.388475e-16,+1.819652e-16,+3.156509e-16
+7.030000e-13,+3.393390e-16,+1.821944e-16,+3.158700e-16
+7.040000e-13,+3.400780e-16,+1.831773e-16,+3.157230e-16
+7.050000e-13,+3.403212e-16,+1.832355e-16,+3.165112e-16
+7.060000e-13,+3.394125e-16,+1.834141e-16,+3.174372e-16
+7.070000e-13,+3.397168e-16,+1.836712e-16,+3.186744e-16
+7.080000e-13,+3.405008e-16,+1.837869e-16,+3.198185e-16
+7.090000e-13,+3.405301e-16,+1.844206e-16,+3.199828e-16
+7.100000e-13,+3.412244e-16,+1.849063e-16,+3.195632e-16
+7.110000e-13,+3.418745e-16,+1.854620e-16,+3.187527e-16
+7.120000e-13,+3.411726e-16,+1.853885e-16,+3.183943e-16
+7.130000e-13,+3.410909e-16,+1.849018e-16,+3.185542e-16
+7.140000e-13,+3.424303e-16,+1.849873e-16,+3.195465e-16
+7.150000e-13,+3.419913e-16,+1.851045e-16,+3.190517e-16
+7.160000e-13,+3.420335e-16,+1.848193e-16,+3.200576e-16
+7.170000e-13,+3.428825e-16,+1.853182e-16,+3.197289e-16
+7.180000e-13,+3.440199e-16,+1.855311e-16,+3.185487e-16
+7.190000e-13,+3.442888e-16,+1.858916e-16,+3.186115e-16
+7.200000e-13,+3.451991e-16,+1.862745e-16,+3.219135e-16
+7.210000e-13,+3.442558e-16,+1.861844e-16,+3.223629e-16
+7.220000e-13,+3.453193e-16,+1.867441e-16,+3.230788e-16
+7.230000e-13,+3.460453e-16,+1.866911e-16,+3.241929e-16
+7.240000e-13,+3.470802e-16,+1.865055e-16,+3.248210e-16
+7.250000e-13,+3.477536e-16,+1.870677e-16,+3.264213e-16
+7.260000e-13,+3.479583e-16,+1.871673e-16,+3.272941e-16
+7.270000e-13,+3.488344e-16,+1.885510e-16,+3.270495e-16
+7.280000e-13,+3.501622e-16,+1.892427e-16,+3.279990e-16
+7.290000e-13,+3.497499e-16,+1.902835e-16,+3.280378e-16
+7.300000e-13,+3.512707e-16,+1.902154e-16,+3.293610e-16
+7.310000e-13,+3.512059e-16,+1.911196e-16,+3.291609e-16
+7.320000e-13,+3.527189e-16,+1.925567e-16,+3.287525e-16
+7.330000e-13,+3.532218e-16,+1.930934e-16,+3.292781e-16
+7.340000e-13,+3.521315e-16,+1.929722e-16,+3.298649e-16
+7.350000e-13,+3.513253e-16,+1.927337e-16,+3.298497e-16
+7.360000e-13,+3.514615e-16,+1.937372e-16,+3.296945e-16
+7.370000e-13,+3.532733e-16,+1.946050e-16,+3.300500e-16
+7.380000e-13,+3.564220e-16,+1.947464e-16,+3.299800e-16
+7.390000e-13,+3.563672e-16,+1.951578e-16,+3.314396e-16
+7.400000e-13,+3.562974e-16,+1.952328e-16,+3.319693e-16
+7.410000e-13,+3.558608e-16,+1.957298e-16,+3.318567e-16
+7.420000e-13,+3.563877e-16,+1.961055e-16,+3.317159e-16
+7.430000e-13,+3.577785e-16,+1.966139e-16,+3.332120e-16
+7.440000e-13,+3.566559e-16,+1.969648e-16,+3.336038e-16
+7.450000e-13,+3.572353e-16,+1.974685e-16,+3.339559e-16
+7.460000e-13,+3.575770e-16,+1.973730e-16,+3.342556e-16
+7.470000e-13,+3.571570e-16,+1.981164e-16,+3.341501e-16
+7.480000e-13,+3.580763e-16,+1.986944e-16,+3.330632e-16
+7.490000e-13,+3.579432e-16,+1.996758e-16,+3.341104e-16
+7.500000e-13,+3.580653e-16,+1.995621e-16,+3.344821e-16
+7.510000e-13,+3.579878e-16,+1.989472e-16,+3.349004e-16
+7.520000e-13,+3.584318e-16,+1.994374e-16,+3.349461e-16
+7.530000e-13,+3.587136e-16,+2.002760e-16,+3.344879e-16
+7.540000e-13,+3.592748e-16,+2.007680e-16,+3.346440e-16
+7.550000e-13,+3.613604e-16,+2.011624e-16,+3.353255e-16
+7.560000e-13,+3.615168e-16,+2.006627e-16,+3.340746e-16
+7.570000e-13,+3.638383e-16,+2.009580e-16,+3.350644e-16
+7.580000e-13,+3.654751e-16,+2.017171e-16,+3.357529e-16
+7.590000e-13,+3.649218e-16,+2.019201e-16,+3.341954e-16
+7.600000e-13,+3.653229e-16,+2.013260e-16,+3.360204e-16
+7.610000e-13,+3.658812e-16,+2.020853e-16,+3.361439e-16
+7.620000e-13,+3.656326e-16,+2.023711e-16,+3.363763e-16
+7.630000e-13,+3.660329e-16,+2.024359e-16,+3.366896e-16
+7.640000e-13,+3.668414e-16,+2.030323e-16,+3.377052e-16
+7.650000e-13,+3.685893e-16,+2.026473e-16,+3.388964e-16
+7.660000e-13,+3.682896e-16,+2.026282e-16,+3.385171e-16
+7.670000e-13,+3.680366e-16,+2.022059e-16,+3.392071e-16
+7.680000e-13,+3.697658e-16,+2.015886e-16,+3.403112e-16
+7.690000e-13,+3.698745e-16,+2.028441e-16,+3.416190e-16
+7.700000e-13,+3.709136e-16,+2.030503e-16,+3.418027e-16
+7.710000e-13,+3.702191e-16,+2.041373e-16,+3.429576e-16
+7.720000e-13,+3.711509e-16,+2.049778e-16,+3.434854e-16
+7.730000e-13,+3.714260e-16,+2.055204e-16,+3.448974e-16
+7.740000e-13,+3.712242e-16,+2.055455e-16,+3.447615e-16
+7.750000e-13,+3.705221e-16,+2.046946e-16,+3.460805e-16
+7.760000e-13,+3.712008e-16,+2.046844e-16,+3.470315e-16
+7.770000e-13,+3.721379e-16,+2.047122e-16,+3.475506e-16
+7.780000e-13,+3.741692e-16,+2.049493e-16,+3.481392e-16
+7.790000e-13,+3.758489e-16,+2.050228e-16,+3.485610e-16
+7.800000e-13,+3.764854e-16,+2.056981e-16,+3.489865e-16
+7.810000e-13,+3.781581e-16,+2.058399e-16,+3.499224e-16
+7.820000e-13,+3.786876e-16,+2.058089e-16,+3.507512e-16
+7.830000e-13,+3.787687e-16,+2.056271e-16,+3.518516e-16
+7.840000e-13,+3.778562e-16,+2.055486e-16,+3.524455e-16
+7.850000e-13,+3.783622e-16,+2.058482e-16,+3.527594e-16
+7.860000e-13,+3.803325e-16,+2.066615e-16,+3.526058e-16
+7.870000e-13,+3.815755e-16,+2.066061e-16,+3.531201e-16
+7.880000e-13,+3.805112e-16,+2.063046e-16,+3.529724e-16
+7.890000e-13,+3.819197e-16,+2.066711e-16,+3.533194e-16
+7.900000e-13,+3.809448e-16,+2.067959e-16,+3.522087e-16
+7.910000e-13,+3.817878e-16,+2.072114e-16,+3.532442e-16
+7.920000e-13,+3.813322e-16,+2.076968e-16,+3.538053e-16
+7.930000e-13,+3.810852e-16,+2.091174e-16,+3.543027e-16
+7.940000e-13,+3.830990e-16,+2.087634e-16,+3.568147e-16
+7.950000e-13,+3.851421e-16,+2.090122e-16,+3.569355e-16
+7.960000e-13,+3.844055e-16,+2.090459e-16,+3.563213e-16
+7.970000e-13,+3.836004e-16,+2.083236e-16,+3.566692e-16
+7.980000e-13,+3.850066e-16,+2.084991e-16,+3.578757e-16
+7.990000e-13,+3.854297e-16,+2.085062e-16,+3.597679e-16
+8.000000e-13,+3.860442e-16,+2.086936e-16,+3.585929e-16
+8.010000e-13,+3.874665e-16,+2.096134e-16,+3.589141e-16
+8.020000e-13,+3.893363e-16,+2.097866e-16,+3.589132e-16
+8.030000e-13,+3.890517e-16,+2.105232e-16,+3.603915e-16
+8.040000e-13,+3.893796e-16,+2.103244e-16,+3.607355e-16
+8.050000e-13,+3.912880e-16,+2.106268e-16,+3.613356e-16
+8.060000e-13,+3.910209e-16,+2.100598e-16,+3.604789e-16
+8.070000e-13,+3.914344e-16,+2.106121e-16,+3.602408e-16
+8.080000e-13,+3.919293e-16,+2.106470e-16,+3.611905e-16
+8.090000e-13,+3.932209e-16,+2.108706e-16,+3.607261e-16
+8.100000e-13,+3.935285e-16,+2.104755e-16,+3.604638e-16
+8.110000e-13,+3.936787e-16,+2.112254e-16,+3.615744e-16
+8.120000e-13,+3.947911e-16,+2.118105e-16,+3.608908e-16
+8.130000e-13,+3.944593e-16,+2.125447e-16,+3.610956e-16
+8.140000e-13,+3.939871e-16,+2.122163e-16,+3.620719e-16
+8.150000e-13,+3.941566e-16,+2.121177e-16,+3.622144e-16
+8.160000e-13,+3.940989e-16,+2.117168e-16,+3.633540e-16
+8.170000e-13,+3.927527e-16,+2.118630e-16,+3.634252e-16
+8.180000e-13,+3.941858e-16,+2.120363e-16,+3.643204e-16
+8.190000e-13,+3.949821e-16,+2.120883e-16,+3.647840e-16
+8.200000e-13,+3.955499e-16,+2.123817e-16,+3.647019e-16
+8.210000e-13,+3.961378e-16,+2.119235e-16,+3.655444e-16
+8.220000e-13,+3.966027e-16,+2.126604e-16,+3.659196e-16
+8.230000e-13,+3.963853e-16,+2.132698e-16,+3.673796e-16
+8.240000e-13,+3.968887e-16,+2.136844e-16,+3.663208e-16
+8.250000e-13,+3.968753e-16,+2.134238e-16,+3.660680e-16
+8.260000e-13,+3.965688e-16,+2.125808e-16,+3.672968e-16
+8.270000e-13,+3.957263e-16,+2.132572e-16,+3.674596e-16
+8.280000e-13,+3.965774e-16,+2.133237e-16,+3.670309e-16
+8.290000e-13,+3.973609e-16,+2.136966e-16,+3.692499e-16
+8.300000e-13,+3.988255e-16,+2.134274e-16,+3.700349e-16
+8.310000e-13,+4.000099e-16,+2.136218e-16,+3.693525e-16
+8.320000e-13,+3.993484e-16,+2.143609e-16,+3.692152e-16
+8.330000e-13,+4.003208e-16,+2.139648e-16,+3.701976e-16
+8.340000e-13,+4.008620e-16,+2.144867e-16,+3.708597e-16
+8.350000e-13,+4.015497e-16,+2.155650e-16,+3.720411e-16
+8.360000e-13,+4.017278e-16,+2.166477e-16,+3.716428e-16
+8.370000e-13,+4.020685e-16,+2.162374e-16,+3.717388e-16
+8.380000e-13,+4.029919e-16,+2.171773e-16,+3.737050e-16
+8.390000e-13,+4.043390e-16,+2.159170e-16,+3.737326e-16
+8.400000e-13,+4.038757e-16,+2.160606e-16,+3.735044e-16
+8.410000e-13,+4.053686e-16,+2.163789e-16,+3.747023e-16
+8.420000e-13,+4.056081e-16,+2.165378e-16,+3.752058e-16
+8.430000e-13,+4.059246e-16,+2.158018e-16,+3.766648e-16
+8.440000e-13,+4.063278e-16,+2.160237e-16,+3.727924e-16
+8.450000e-13,+4.066482e-16,+2.165005e-16,+3.742623e-16
+8.460000e-13,+4.068369e-16,+2.178838e-16,+3.758656e-16
+8.470000e-13,+4.084312e-16,+2.183235e-16,+3.758378e-16
+8.480000e-13,+4.079429e-16,+2.182033e-16,+3.763523e-16
+8.490000e-13,+4.079735e-16,+2.183663e-16,+3.761720e-16
+8.500000e-13,+4.082375e-16,+2.187922e-16,+3.757850e-16
+8.510000e-13,+4.091375e-16,+2.195373e-16,+3.766373e-16
+8.520000e-13,+4.094322e-16,+2.193294e-16,+3.762301e-16
+8.530000e-13,+4.094859e-16,+2.192282e-16,+3.762149e-16
+8.540000e-13,+4.111641e-16,+2.188164e-16,+3.756997e-16
+8.550000e-13,+4.111659e-16,+2.200282e-16,+3.743990e-16
+8.560000e-13,+4.120019e-16,+2.210611e-16,+3.742993e-16
+8.570000e-13,+4.147089e-16,+2.213614e-16,+3.757059e-16
+8.580000e-13,+4.165278e-16,+2.201525e-16,+3.757484e-16
+8.590000e-13,+4.160637e-16,+2.208300e-16,+3.749750e-16
+8.600000e-13,+4.155365e-16,+2.211716e-16,+3.756582e-16
+8.610000e-13,+4.173643e-16,+2.212131e-16,+3.754630e-16
+8.620000e-13,+4.177592e-16,+2.215059e-16,+3.766235e-16
+8.630000e-13,+4.186223e-16,+2.217988e-16,+3.786211e-16
+8.640000e-13,+4.189576e-16,+2.223757e-16,+3.771210e-16
+8.650000e-13,+4.181774e-16,+2.220015e-16,+3.775824e-16
+8.660000e-13,+4.194227e-16,+2.218697e-16,+3.775903e-16
+8.670000e-13,+4.182372e-16,+2.216828e-16,+3.784549e-16
+8.680000e-13,+4.174430e-16,+2.223857e-16,+3.801557e-16
+8.690000e-13,+4.174706e-16,+2.215225e-16,+3.821354e-16
+8.700000e-13,+4.177511e-16,+2.222975e-16,+3.817511e-16
+8.710000e-13,+4.166647e-16,+2.221357e-16,+3.835195e-16
+8.720000e-13,+4.164412e-16,+2.228357e-16,+3.840705e-16
+8.730000e-13,+4.176823e-16,+2.228452e-16,+3.839244e-16
+8.740000e-13,+4.177054e-16,+2.226647e-16,+3.840415e-16
+8.750000e-13,+4.166010e-16,+2.221045e-16,+3.837020e-16
+8.760000e-13,+4.167217e-16,+2.228551e-16,+3.844477e-16
+8.770000e-13,+4.160370e-16,+2.227599e-16,+3.848865e-16
+8.780000e-13,+4.168414e-16,+2.239605e-16,+3.849166e-16
+8.790000e-13,+4.157961e-16,+2.244329e-16,+3.856157e-16
+8.800000e-13,+4.155082e-16,+2.241064e-16,+3.869590e-16
+8.810000e-13,+4.169927e-16,+2.242410e-16,+3.870645e-16
+8.820000e-13,+4.167095e-16,+2.245601e-16,+3.869667e-16
+8.830000e-13,+4.172727e-16,+2.243824e-16,+3.863086e-16
+8.840000e-13,+4.193625e-16,+2.251832e-16,+3.860258e-16
+8.850000e-13,+4.195293e-16,+2.251686e-16,+3.861893e-16
+8.860000e-13,+4.200701e-16,+2.249197e-16,+3.853350e-16
+8.870000e-13,+4.216994e-16,+2.248736e-16,+3.865315e-16
+8.880000e-13,+4.235072e-16,+2.243631e-16,+3.872938e-16
+8.890000e-13,+4.243583e-16,+2.244255e-16,+3.877922e-16
+8.900000e-13,+4.251415e-16,+2.250313e-16,+3.880905e-16
+8.910000e-13,+4.254699e-16,+2.252331e-16,+3.887039e-16
+8.920000e-13,+4.255052e-16,+2.251977e-16,+3.879444e-16
+8.930000e-13,+4.251101e-16,+2.253328e-16,+3.890556e-16
+8.940000e-13,+4.247838e-16,+2.254891e-16,+3.889528e-16
+8.950000e-13,+4.247228e-16,+2.270507e-16,+3.888303e-16
+8.960000e-13,+4.251102e-16,+2.274047e-16,+3.892795e-16
+8.970000e-13,+4.263830e-16,+2.273862e-16,+3.893779e-16
+8.980000e-13,+4.266459e-16,+2.274345e-16,+3.896526e-16
+8.990000e-13,+4.265763e-16,+2.274697e-16,+3.911148e-16
+9.000000e-13,+4.258654e-16,+2.279357e-16,+3.909306e-16
+9.010000e-13,+4.265437e-16,+2.283402e-16,+3.919514e-16
+9.020000e-13,+4.266542e-16,+2.296054e-16,+3.911801e-16
+9.030000e-13,+4.268719e-16,+2.297759e-16,+3.911638e-16
+9.040000e-13,+4.261004e-16,+2.302174e-16,+3.897992e-16
+9.050000e-13,+4.288535e-16,+2.311984e-16,+3.913635e-16
+9.060000e-13,+4.287085e-16,+2.316175e-16,+3.908202e-16
+9.070000e-13,+4.295376e-16,+2.320977e-16,+3.923155e-16
+9.080000e-13,+4.293162e-16,+2.324540e-16,+3.916128e-16
+9.090000e-13,+4.289390e-16,+2.320142e-16,+3.924980e-16
+9.100000e-13,+4.290014e-16,+2.326706e-16,+3.932074e-16
+9.110000e-13,+4.292846e-16,+2.331800e-16,+3.920014e-16
+9.120000e-13,+4.292590e-16,+2.328786e-16,+3.930770e-16
+9.130000e-13,+4.315649e-16,+2.327803e-16,+3.940121e-16
+9.140000e-13,+4.322420e-16,+2.327098e-16,+3.954108e-16
+9.150000e-13,+4.317128e-16,+2.324497e-16,+3.956039e-16
+9.160000e-13,+4.335928e-16,+2.334090e-16,+3.963194e-16
+9.170000e-13,+4.341746e-16,+2.330267e-16,+3.962210e-16
+9.180000e-13,+4.341859e-16,+2.342481e-16,+3.969231e-16
+9.190000e-13,+4.343127e-16,+2.347528e-16,+3.968129e-16
+9.200000e-13,+4.351600e-16,+2.347957e-16,+3.972734e-16
+9.210000e-13,+4.356593e-16,+2.347695e-16,+4.002109e-16
+9.220000e-13,+4.376769e-16,+2.344686e-16,+4.005406e-16
+9.230000e-13,+4.388155e-16,+2.344138e-16,+4.014270e-16
+9.240000e-13,+4.402409e-16,+2.353682e-16,+4.007810e-16
+9.250000e-13,+4.403960e-16,+2.351501e-16,+4.007738e-16
+9.260000e-13,+4.413964e-16,+2.362029e-16,+4.012982e-16
+9.270000e-13,+4.410542e-16,+2.369733e-16,+4.004376e-16
+9.280000e-13,+4.409612e-16,+2.373608e-16,+4.014114e-16
+9.290000e-13,+4.407540e-16,+2.374131e-16,+4.012267e-16
+9.300000e-13,+4.408120e-16,+2.379365e-16,+4.017331e-16
+9.310000e-13,+4.406357e-16,+2.379427e-16,+4.001209e-16
+9.320000e-13,+4.420657e-16,+2.378040e-16,+4.003445e-16
+9.330000e-13,+4.425156e-16,+2.380505e-16,+4.006401e-16
+9.340000e-13,+4.433837e-16,+2.388952e-16,+4.015693e-16
+9.350000e-13,+4.449714e-16,+2.383745e-16,+4.016957e-16
+9.360000e-13,+4.466812e-16,+2.398463e-16,+4.030213e-16
+9.370000e-13,+4.465099e-16,+2.395791e-16,+4.042567e-16
+9.380000e-13,+4.476735e-16,+2.404664e-16,+4.042337e-16
+9.390000e-13,+4.481432e-16,+2.397344e-16,+4.039132e-16
+9.400000e-13,+4.465503e-16,+2.391625e-16,+4.081410e-16
+9.410000e-13,+4.457439e-16,+2.398637e-16,+4.077655e-16
+9.420000e-13,+4.470049e-16,+2.394074e-16,+4.068274e-16
+9.430000e-13,+4.488237e-16,+2.400240e-16,+4.067292e-16
+9.440000e-13,+4.487840e-16,+2.393095e-16,+4.073429e-16
+9.450000e-13,+4.497141e-16,+2.389840e-16,+4.065102e-16
+9.460000e-13,+4.492441e-16,+2.393376e-16,+4.066405e-16
+9.470000e-13,+4.484220e-16,+2.394889e-16,+4.082485e-16
+9.480000e-13,+4.488928e-16,+2.393442e-16,+4.084562e-16
+9.490000e-13,+4.488165e-16,+2.388554e-16,+4.106472e-16
+9.500000e-13,+4.496690e-16,+2.386673e-16,+4.106415e-16
+9.510000e-13,+4.517549e-16,+2.376891e-16,+4.105954e-16
+9.520000e-13,+4.530972e-16,+2.377026e-16,+4.099704e-16
+9.530000e-13,+4.539424e-16,+2.376664e-16,+4.083875e-16
+9.540000e-13,+4.556137e-16,+2.377098e-16,+4.086653e-16
+9.550000e-13,+4.544022e-16,+2.378850e-16,+4.092144e-16
+9.560000e-13,+4.548413e-16,+2.383927e-16,+4.102273e-16
+9.570000e-13,+4.543872e-16,+2.392531e-16,+4.111294e-16
+9.580000e-13,+4.549098e-16,+2.400356e-16,+4.117971e-16
+9.590000e-13,+4.557365e-16,+2.410520e-16,+4.134374e-16
+9.600000e-13,+4.566076e-16,+2.415788e-16,+4.131513e-16
+9.610000e-13,+4.574142e-16,+2.413955e-16,+4.138753e-16
+9.620000e-13,+4.574014e-16,+2.425301e-16,+4.158389e-16
+9.630000e-13,+4.591124e-16,+2.421504e-16,+4.192506e-16
+9.640000e-13,+4.597410e-16,+2.428194e-16,+4.216394e-16
+9.650000e-13,+4.597662e-16,+2.425438e-16,+4.215986e-16
+9.660000e-13,+4.626404e-16,+2.418373e-16,+4.207594e-16
+9.670000e-13,+4.623235e-16,+2.417997e-16,+4.213464e-16
+9.680000e-13,+4.621397e-16,+2.437170e-16,+4.220579e-16
+9.690000e-13,+4.628160e-16,+2.435503e-16,+4.230850e-16
+9.700000e-13,+4.619903e-16,+2.440321e-16,+4.232211e-16
+9.710000e-13,+4.624556e-16,+2.438316e-16,+4.235635e-16
+9.720000e-13,+4.640857e-16,+2.433154e-16,+4.219672e-16
+9.730000e-13,+4.647298e-16,+2.437938e-16,+4.219788e-16
+9.740000e-13,+4.658720e-16,+2.437319e-16,+4.221993e-16
+9.750000e-13,+4.668294e-16,+2.432441e-16,+4.226255e-16
+9.760000e-13,+4.667783e-16,+2.429894e-16,+4.230458e-16
+9.770000e-13,+4.663327e-16,+2.436180e-16,+4.244948e-16
+9.780000e-13,+4.662700e-16,+2.441604e-16,+4.248072e-16
+9.790000e-13,+4.669456e-16,+2.439788e-16,+4.256317e-16
+9.800000e-13,+4.666010e-16,+2.440651e-16,+4.261961e-16
+9.810000e-13,+4.669245e-16,+2.437871e-16,+4.266203e-16
+9.820000e-13,+4.675253e-16,+2.432077e-16,+4.273723e-16
+9.830000e-13,+4.677605e-16,+2.432763e-16,+4.294105e-16
+9.840000e-13,+4.701715e-16,+2.436805e-16,+4.308012e-16
+9.850000e-13,+4.699285e-16,+2.444324e-16,+4.298070e-16
+9.860000e-13,+4.723036e-16,+2.446063e-16,+4.298292e-16
+9.870000e-13,+4.711975e-16,+2.444374e-16,+4.302509e-16
+9.880000e-13,+4.738575e-16,+2.436718e-16,+4.302004e-16
+9.890000e-13,+4.743530e-16,+2.431478e-16,+4.304784e-16
+9.900000e-13,+4.748404e-16,+2.430980e-16,+4.307601e-16
+9.910000e-13,+4.761959e-16,+2.427729e-16,+4.314983e-16
+9.920000e-13,+4.769833e-16,+2.436130e-16,+4.311119e-16
+9.930000e-13,+4.745640e-16,+2.435054e-16,+4.297867e-16
+9.940000e-13,+4.726493e-16,+2.437745e-16,+4.297450e-16
+9.950000e-13,+4.729676e-16,+2.437467e-16,+4.298995e-16
+9.960000e-13,+4.738206e-16,+2.438394e-16,+4.293321e-16
+9.970000e-13,+4.743796e-16,+2.439849e-16,+4.317867e-16
+9.980000e-13,+4.755251e-16,+2.443391e-16,+4.334987e-16
+9.990000e-13,+4.751859e-16,+2.447745e-16,+4.350443e-16
+1.000000e-12,+4.761329e-16,+2.456169e-16,+4.351744e-16
