   -2.763109e-07 +3.861776e-09 +3.597507e-07
   -2.759000e-07 +5.014921e-09 +3.590545e-07
   -2.760909e-07 +5.021498e-09 +3.589952e-07
   -2.762818e-07 +5.028075e-09 +3.589360e-07
   -2.764727e-07 +5.034652e-09 +3.588768e-07
   -2.766636e-07 +5.041229e-09 +3.588175e-07
   -2.768545e-07 +5.047806e-09 +3.587583e-07
   -2.770454e-07 +5.054383e-09 +3.586990e-07
   -2.772363e-07 +5.060960e-09 +3.586398e-07
   -2.762669e-07 +1.840506e-10 +3.593082e-07
   -2.764578e-07 +1.906271e-10 +3.592489e-07
   -2.761450e-07 +3.856063e-09 +3.598022e-07
   -2.763359e-07 +3.862639e-09 +3.597429e-07
   -2.765268e-07 +3.869215e-09 +3.596835e-07
   -2.767177e-07 +3.875790e-09 +3.596242e-07
   -2.769086e-07 +3.882366e-09 +3.595648e-07
   -2.770994e-07 +3.888942e-09 +3.595055e-07
   -2.772903e-07 +3.895518e-09 +3.594462e-07
   -2.774812e-07 +3.902094e-09 +3.593868e-07
   -2.776721e-07 +3.908670e-09 +3.593275e-07
   -2.778630e-07 +3.915246e-09 +3.592681e-07
   -2.780538e-07 +3.921822e-09 +3.592088e-07
   -2.782447e-07 +3.928398e-09 +3.591495e-07
   -2.784356e-07 +3.934974e-09 +3.590901e-07
   -2.768087e-07 +5.220387e-09 +3.616932e-07
   -2.769996e-07 +5.226962e-09 +3.616339e-07
   -2.771905e-07 +5.233536e-09 +3.615747e-07
   -2.773814e-07 +5.240110e-09 +3.615154e-07
   -2.766136e-07 +3.959333e-09 +3.611172e-07
   -2.761934e-07 +3.857730e-09 +3.597872e-07
   -2.763843e-07 +3.864306e-09 +3.597278e-07
   -2.765752e-07 +3.870882e-09 +3.596685e-07
   -2.760853e-07 +2.599671e-09 +3.591842e-07
   -2.762800e-07 +1.439176e-09 +3.599476e-07
   -2.764709e-07 +1.445750e-09 +3.598883e-07
   -2.766618e-07 +1.452323e-09 +3.598290e-07
   -2.768527e-07 +1.458897e-09 +3.597697e-07
   -2.761286e-07 +1.792867e-10 +3.593511e-07
   -2.764160e-07 +1.443860e-09 +3.599053e-07
   -2.766069e-07 +1.450434e-09 +3.598461e-07
   -2.767978e-07 +1.457007e-09 +3.597868e-07
   -2.774729e-07 +4.162999e-09 +3.637811e-07
   -2.776638e-07 +4.169573e-09 +3.637218e-07
   -2.778547e-07 +4.176148e-09 +3.636625e-07
   -2.771164e-07 +5.318022e-09 +3.630680e-07
   -2.768182e-07 +2.799081e-09 +3.618775e-07
   -2.770090e-07 +2.805657e-09 +3.618182e-07
   -2.771999e-07 +2.812233e-09 +3.617589e-07
   -2.764475e-07 +2.699279e-09 +3.605321e-07
   -2.766383e-07 +2.705854e-09 +3.604728e-07
   -2.768292e-07 +2.712429e-09 +3.604135e-07
   -2.770201e-07 +2.719004e-09 +3.603541e-07
   -2.768394e-07 +1.545480e-09 +3.612342e-07
   -2.768854e-07 +2.801398e-09 +3.618566e-07
   -2.769988e-07 +7.735504e-09 +3.629173e-07
   -2.771897e-07 +7.742077e-09 +3.628579e-07
   -2.783984e-07 +5.623377e-09 +3.670512e-07
   -2.785893e-07 +5.629951e-09 +3.669919e-07
   -2.787802e-07 +5.636525e-09 +3.669327e-07
   -2.789711e-07 +5.643099e-09 +3.668734e-07
   -2.791620e-07 +5.649673e-09 +3.668142e-07
   -2.793529e-07 +5.656247e-09 +3.667549e-07
   -2.795438e-07 +5.662822e-09 +3.666957e-07
   -2.797347e-07 +5.669396e-09 +3.666364e-07
   -2.774141e-07 +6.582610e-09 +3.636121e-07
   -2.771269e-07 +5.318380e-09 +3.630648e-07
   -2.769360e-07 +6.479106e-09 +3.623002e-07
   -2.778138e-07 +3.007541e-09 +3.644892e-07
   -2.780047e-07 +3.014116e-09 +3.644300e-07
   -2.781957e-07 +3.020690e-09 +3.643708e-07
   -2.768771e-07 +2.801110e-09 +3.618592e-07
   -2.770680e-07 +2.807686e-09 +3.617999e-07
   -2.766034e-07 +3.958983e-09 +3.611203e-07
   -2.767943e-07 +3.965556e-09 +3.610610e-07
   -2.767487e-07 +5.218320e-09 +3.617118e-07
   -2.769396e-07 +5.224895e-09 +3.616526e-07
   -2.771305e-07 +5.231469e-09 +3.615933e-07
   -2.773214e-07 +5.238043e-09 +3.615341e-07
   -2.775123e-07 +5.244617e-09 +3.614748e-07
   -2.770348e-07 +4.060876e-09 +3.624468e-07
   -2.772257e-07 +4.067450e-09 +3.623875e-07
   -2.775352e-07 +4.165145e-09 +3.637618e-07
   -2.777261e-07 +4.171719e-09 +3.637025e-07
   -2.782115e-07 +3.108273e-09 +3.658360e-07
   -2.783058e-07 +4.365857e-09 +3.664433e-07
   -2.784967e-07 +4.372434e-09 +3.663840e-07
   -2.785263e-07 +3.206250e-09 +3.671987e-07
   -2.784930e-07 +1.950768e-09 +3.665625e-07
   -2.786839e-07 +1.957343e-09 +3.665033e-07
   -2.788748e-07 +1.963917e-09 +3.664440e-07
   -2.790657e-07 +1.970492e-09 +3.663847e-07
   -2.779806e-07 +1.845987e-09 +3.652612e-07
   -2.778629e-07 +5.876386e-10 +3.646612e-07
   -2.780538e-07 +5.942146e-10 +3.646019e-07
   -2.782447e-07 +6.007907e-10 +3.645426e-07
   -2.784356e-07 +6.073667e-10 +3.644834e-07
   -2.786265e-07 +6.139427e-10 +3.644241e-07
   -2.788174e-07 +6.205188e-10 +3.643648e-07
   -2.790083e-07 +6.270948e-10 +3.643055e-07
   -2.791992e-07 +6.336708e-10 +3.642463e-07
   -2.776333e-07 +1.746989e-09 +3.639086e-07
   -2.778242e-07 +1.753563e-09 +3.638494e-07
   -2.780151e-07 +1.760136e-09 +3.637902e-07
   -2.773524e-07 +4.829809e-10 +3.633593e-07
   -2.775432e-07 +4.895561e-10 +3.633000e-07
   -2.769315e-07 +2.802984e-09 +3.618423e-07
   -2.771223e-07 +2.809560e-09 +3.617830e-07
   -2.770806e-07 +1.640922e-09 +3.626198e-07
   -2.772715e-07 +1.647497e-09 +3.625605e-07
   -2.774624e-07 +1.654072e-09 +3.625012e-07
   -2.776533e-07 +1.660648e-09 +3.624419e-07
   -2.767119e-07 +1.541088e-09 +3.612739e-07
   -2.769028e-07 +1.547663e-09 +3.612145e-07
   -2.770937e-07 +1.554238e-09 +3.611552e-07
   -2.772846e-07 +1.560813e-09 +3.610958e-07
   -2.774754e-07 +1.567388e-09 +3.610365e-07
   -2.762330e-07 +1.828818e-10 +3.593187e-07
   -2.764239e-07 +1.894583e-10 +3.592595e-07
   -2.766148e-07 +1.960348e-10 +3.592002e-07
   -2.764577e-07 +5.121164e-09 +3.603417e-07
   -2.761693e-07 +3.856899e-09 +3.597947e-07
   -2.763602e-07 +3.863474e-09 +3.597353e-07
   -2.765511e-07 +3.870050e-09 +3.596760e-07
   -2.767419e-07 +3.876626e-09 +3.596166e-07
   -2.769328e-07 +3.883202e-09 +3.595573e-07
   -2.771237e-07 +3.889778e-09 +3.594980e-07
   -2.773146e-07 +3.896354e-09 +3.594386e-07
   -2.775055e-07 +3.902930e-09 +3.593793e-07
   -2.763312e-07 +5.116806e-09 +3.603810e-07
   -2.765221e-07 +5.123380e-09 +3.603217e-07
   -2.767130e-07 +5.129954e-09 +3.602625e-07
   -2.770485e-07 +4.061349e-09 +3.624425e-07
   -2.767617e-07 +5.218770e-09 +3.617077e-07
   -2.773950e-07 +4.160316e-09 +3.638053e-07
   -2.775859e-07 +4.166890e-09 +3.637460e-07
   -2.782580e-07 +4.364210e-09 +3.664582e-07
   -2.785438e-07 +5.628387e-09 +3.670060e-07
   -2.787347e-07 +5.634961e-09 +3.669468e-07
   -2.789257e-07 +5.641535e-09 +3.668875e-07
   -2.791166e-07 +5.648109e-09 +3.668283e-07
   -2.793075e-07 +5.654683e-09 +3.667690e-07
   -2.794984e-07 +5.661257e-09 +3.667098e-07
   -2.796893e-07 +5.667832e-09 +3.666505e-07
   -2.798802e-07 +5.674406e-09 +3.665912e-07
   -2.786525e-07 +7.889744e-10 +3.673368e-07
   -2.788434e-07 +7.955491e-10 +3.672775e-07
   -2.591899e-07 +4.923091e-09 +3.703473e-07
   -2.593801e-07 +4.928236e-09 +3.702857e-07
   -2.595702e-07 +4.933382e-09 +3.702240e-07
   -2.597604e-07 +4.938527e-09 +3.701623e-07
   -2.589787e-07 +6.082583e-09 +3.695883e-07
   -2.591689e-07 +6.087729e-09 +3.695266e-07
   -2.593591e-07 +6.092876e-09 +3.694649e-07
   -2.595492e-07 +6.098023e-09 +3.694032e-07
   -2.594205e-07 +6.184900e-09 +3.709144e-07
   -2.596107e-07 +6.190044e-09 +3.708527e-07
   -2.598009e-07 +6.195188e-09 +3.707910e-07
   -2.599910e-07 +6.200332e-09 +3.707293e-07
   -2.601812e-07 +6.205476e-09 +3.706676e-07
   -2.603714e-07 +6.210620e-09 +3.706059e-07
   -2.596714e-07 +5.026484e-09 +3.716507e-07
   -2.598616e-07 +5.031629e-09 +3.715891e-07
   -2.600518e-07 +5.036774e-09 +3.715275e-07
   -2.602420e-07 +5.041919e-09 +3.714658e-07
   -2.598272e-07 +3.865495e-09 +3.724277e-07
   -2.600174e-07 +3.870638e-09 +3.723661e-07
   -2.599831e-07 +1.448937e-09 +3.725628e-07
   -2.601733e-07 +1.454082e-09 +3.725011e-07
   -2.603635e-07 +1.459226e-09 +3.724394e-07
   -2.605537e-07 +1.464371e-09 +3.723778e-07
   -2.607439e-07 +1.469515e-09 +3.723161e-07
   -2.609340e-07 +1.474660e-09 +3.722544e-07
   -2.611242e-07 +1.479804e-09 +3.721927e-07
   -2.613144e-07 +1.484949e-09 +3.721311e-07
   -2.615046e-07 +1.490094e-09 +3.720694e-07
   -2.595527e-07 +1.346926e-09 +3.712429e-07
   -2.597429e-07 +1.352071e-09 +3.711812e-07
   -2.593631e-07 +2.507270e-09 +3.704736e-07
   -2.595532e-07 +2.512414e-09 +3.704119e-07
   -2.588096e-07 +1.146629e-09 +3.685386e-07
   -2.589998e-07 +1.151774e-09 +3.684770e-07
   -2.588142e-07 +2.402054e-09 +3.691822e-07
   -2.590044e-07 +2.407200e-09 +3.691205e-07
   -2.596118e-07 +1.348524e-09 +3.712237e-07
   -2.598019e-07 +1.353670e-09 +3.711620e-07
   -2.598309e-07 +2.610022e-09 +3.717946e-07
   -2.600211e-07 +2.615167e-09 +3.717329e-07
   -2.592245e-07 +2.503523e-09 +3.705185e-07
   -2.594147e-07 +2.508667e-09 +3.704568e-07
   -2.586713e-07 +3.563395e-09 +3.684009e-07
   -2.588657e-07 +4.824223e-09 +3.689799e-07
   -2.592408e-07 +4.924469e-09 +3.703308e-07
   -2.594310e-07 +4.929615e-09 +3.702691e-07
   -2.596212e-07 +4.934760e-09 +3.702075e-07
   -2.598114e-07 +4.939906e-09 +3.701458e-07
   -2.594481e-07 +3.764871e-09 +3.710912e-07
   -2.596383e-07 +3.770017e-09 +3.710295e-07
   -2.596980e-07 +2.606428e-09 +3.718377e-07
   -2.598882e-07 +2.611573e-09 +3.717760e-07
   -2.600784e-07 +2.616717e-09 +3.717143e-07
   -2.602686e-07 +2.621862e-09 +3.716527e-07
   -2.584899e-07 +2.303185e-09 +3.678246e-07
   -2.580787e-07 +2.202063e-09 +3.664853e-07
   -2.582689e-07 +2.207207e-09 +3.664237e-07
   -2.578710e-07 +9.408223e-10 +3.659108e-07
   -2.581954e-07 +3.460523e-09 +3.670925e-07
   -2.582747e-07 +1.041792e-09 +3.672525e-07
   -2.584649e-07 +1.046938e-09 +3.671909e-07
   -2.594554e-07 +3.765070e-09 +3.710888e-07
   -2.596456e-07 +3.770216e-09 +3.710271e-07
   -2.598358e-07 +3.775361e-09 +3.709654e-07
   -2.602691e-07 +2.711976e-09 +3.731152e-07
   -2.601123e-07 +1.452432e-09 +3.725209e-07
   -2.603025e-07 +1.457577e-09 +3.724592e-07
   -2.601922e-07 +2.709895e-09 +3.731401e-07
   -2.603824e-07 +2.715041e-09 +3.730785e-07
   -2.605726e-07 +2.720188e-09 +3.730168e-07
   -2.603792e-07 +2.943871e-10 +3.732619e-07
   -2.605694e-07 +2.995314e-10 +3.732002e-07
   -2.607596e-07 +3.046757e-10 +3.731385e-07
   -2.609498e-07 +3.098199e-10 +3.730769e-07
   -2.611399e-07 +3.149642e-10 +3.730152e-07
   -2.613301e-07 +3.201085e-10 +3.729535e-07
   -2.615203e-07 +3.252527e-10 +3.728919e-07
   -2.617105e-07 +3.303970e-10 +3.728302e-07
   -2.619007e-07 +3.355413e-10 +3.727685e-07
   -2.620909e-07 +3.406855e-10 +3.727068e-07
   -2.593105e-07 +2.505848e-09 +3.704906e-07
   -2.595007e-07 +2.510992e-09 +3.704289e-07
   -2.595827e-07 +1.347737e-09 +3.712332e-07
   -2.597728e-07 +1.352882e-09 +3.711714e-07
   -2.599630e-07 +1.358028e-09 +3.711097e-07
   -2.601532e-07 +1.363173e-09 +3.710480e-07
   -2.603433e-07 +1.368318e-09 +3.709862e-07
   -2.605335e-07 +1.373464e-09 +3.709245e-07
   -2.588913e-07 +2.404140e-09 +3.691572e-07
   -2.593966e-07 +3.763479e-09 +3.711079e-07
   -2.592741e-07 +4.925369e-09 +3.703200e-07
   -2.594643e-07 +4.930514e-09 +3.702584e-07
   -2.596544e-07 +4.935660e-09 +3.701967e-07
   -2.598446e-07 +4.940805e-09 +3.701350e-07
   -2.600348e-07 +4.945951e-09 +3.700733e-07
   -2.602250e-07 +4.951097e-09 +3.700117e-07
   -2.590123e-07 +3.662984e-09 +3.697598e-07
   -2.592025e-07 +3.668129e-09 +3.696982e-07
   -2.599976e-07 +3.870103e-09 +3.723725e-07
   -2.601878e-07 +3.875247e-09 +3.723109e-07
   -2.603780e-07 +3.880390e-09 +3.722493e-07
   -2.595539e-07 +1.346959e-09 +3.712425e-07
   -2.597925e-07 +2.608984e-09 +3.718070e-07
   -2.589681e-07 +3.661791e-09 +3.697741e-07
   -2.591583e-07 +3.666935e-09 +3.697125e-07
   -2.591249e-07 +4.921334e-09 +3.703684e-07
   -2.593151e-07 +4.926479e-09 +3.703067e-07
   -2.595053e-07 +4.931625e-09 +3.702451e-07
   -2.587894e-07 +4.822160e-09 +3.690046e-07
   -2.585442e-07 +5.980830e-09 +3.682565e-07
   -2.587344e-07 +5.985975e-09 +3.681949e-07
   -2.589246e-07 +5.991121e-09 +3.681333e-07
   -2.591148e-07 +5.996267e-09 +3.680717e-07
   -2.581008e-07 +3.457962e-09 +3.671233e-07
   -2.582909e-07 +3.463107e-09 +3.670616e-07
   -2.584811e-07 +3.468251e-09 +3.669998e-07
   -2.579990e-07 +4.620412e-09 +3.663287e-07
   -2.581891e-07 +4.625557e-09 +3.662670e-07
   -2.583793e-07 +4.630702e-09 +3.662053e-07
   -2.585695e-07 +4.635847e-09 +3.661436e-07
   -2.587597e-07 +4.640991e-09 +3.660818e-07
   -2.584686e-07 +5.978785e-09 +3.682810e-07
   -2.578600e-07 +4.616654e-09 +3.663738e-07
   -2.580502e-07 +4.621798e-09 +3.663121e-07
   -2.582404e-07 +4.626943e-09 +3.662503e-07
   -2.586286e-07 +3.562238e-09 +3.684148e-07
   -2.588188e-07 +3.567385e-09 +3.683531e-07
   -2.590089e-07 +3.572531e-09 +3.682914e-07
   -2.587644e-07 +4.821484e-09 +3.690127e-07
   -2.589546e-07 +4.826629e-09 +3.689510e-07
   -2.586897e-07 +3.563892e-09 +3.683950e-07
   -2.588799e-07 +3.569038e-09 +3.683333e-07
   -2.586785e-07 +1.143083e-09 +3.685810e-07
   -2.588901e-07 +2.404107e-09 +3.691575e-07
   -2.591915e-07 +1.247059e-09 +3.698873e-07
   -2.593817e-07 +1.252205e-09 +3.698257e-07
   -2.588450e-07 +2.402889e-09 +3.691722e-07
   -2.590352e-07 +2.408035e-09 +3.691105e-07
   -2.592254e-07 +2.413180e-09 +3.690488e-07
   -2.594156e-07 +2.418326e-09 +3.689871e-07
   -2.596058e-07 +2.423471e-09 +3.689254e-07
   -2.591967e-07 +1.247199e-09 +3.698857e-07
   -2.593869e-07 +1.252345e-09 +3.698240e-07
   -2.595771e-07 +1.257490e-09 +3.697623e-07
   -2.597673e-07 +1.262635e-09 +3.697006e-07
   -2.596607e-07 +1.349848e-09 +3.712078e-07
   -2.592323e-07 +2.503734e-09 +3.705160e-07
   -2.594225e-07 +2.508878e-09 +3.704543e-07
   -2.591190e-07 +1.245096e-09 +3.699109e-07
   -2.588057e-07 +2.401825e-09 +3.691849e-07
   -2.584787e-07 +2.302882e-09 +3.678282e-07
   -2.586689e-07 +2.308027e-09 +3.677665e-07
   -2.588591e-07 +2.313172e-09 +3.677048e-07
   -2.590492e-07 +2.318317e-09 +3.676431e-07
   -2.592394e-07 +2.323461e-09 +3.675814e-07
   -2.594296e-07 +2.328606e-09 +3.675197e-07
   -2.596198e-07 +2.333751e-09 +3.674580e-07
   -2.598099e-07 +2.338896e-09 +3.673963e-07
   -2.600001e-07 +2.344040e-09 +3.673346e-07
   -2.601903e-07 +2.349185e-09 +3.672729e-07
   -2.603805e-07 +2.354330e-09 +3.672111e-07
   -2.605706e-07 +2.359475e-09 +3.671494e-07
   -2.607608e-07 +2.364620e-09 +3.670877e-07
   -2.609510e-07 +2.369764e-09 +3.670260e-07
   -2.577875e-07 +9.385648e-10 +3.659378e-07
   -2.579777e-07 +9.437107e-10 +3.658762e-07
   -2.590695e-07 +1.243757e-09 +3.699269e-07
   -2.592597e-07 +1.248902e-09 +3.698652e-07
   -2.594499e-07 +1.254048e-09 +3.698036e-07
   -2.596034e-07 +1.348298e-09 +3.712264e-07
   -2.595580e-07 +3.767845e-09 +3.710555e-07
   -2.597482e-07 +3.772990e-09 +3.709939e-07
   -2.599527e-07 +3.868890e-09 +3.723870e-07
   -2.601429e-07 +3.874034e-09 +3.723254e-07
   -2.588060e-07 +2.401833e-09 +3.691848e-07
   -2.589962e-07 +2.406978e-09 +3.691231e-07
   -2.591864e-07 +2.412124e-09 +3.690615e-07
   -2.593765e-07 +2.417269e-09 +3.689998e-07
   -2.595667e-07 +2.422415e-09 +3.689381e-07
   -2.597569e-07 +2.427560e-09 +3.688764e-07
   -2.587647e-07 +1.145414e-09 +3.685531e-07
   -2.589549e-07 +1.150560e-09 +3.684915e-07
   -2.399957e-07 +1.931317e-09 +3.740480e-07
   -2.401852e-07 +1.935117e-09 +3.739842e-07
   -2.403748e-07 +1.938918e-09 +3.739204e-07
   -2.405643e-07 +1.942718e-09 +3.738566e-07
   -2.407538e-07 +1.946519e-09 +3.737928e-07
   -2.409433e-07 +1.950320e-09 +3.737290e-07
   -2.411328e-07 +1.954120e-09 +3.736652e-07
   -2.398530e-07 +3.091770e-09 +3.732750e-07
   -2.400425e-07 +3.095571e-09 +3.732112e-07
   -2.402320e-07 +3.099372e-09 +3.731473e-07
   -2.404215e-07 +3.103174e-09 +3.730834e-07
   -2.406110e-07 +3.106975e-09 +3.730195e-07
   -2.408005e-07 +3.110776e-09 +3.729556e-07
   -2.409899e-07 +3.114577e-09 +3.728917e-07
   -2.396919e-07 +1.831949e-09 +3.726787e-07
   -2.398814e-07 +1.835751e-09 +3.726149e-07
   -2.400709e-07 +1.839554e-09 +3.725510e-07
   -2.402604e-07 +1.843356e-09 +3.724872e-07
   -2.392424e-07 +1.729659e-09 +3.713585e-07
   -2.397176e-07 +3.089053e-09 +3.733207e-07
   -2.399070e-07 +3.092854e-09 +3.732568e-07
   -2.400965e-07 +3.096655e-09 +3.731929e-07
   -2.402860e-07 +3.100456e-09 +3.731291e-07
   -2.398088e-07 +3.090882e-09 +3.732900e-07
   -2.399982e-07 +3.094683e-09 +3.732261e-07
   -2.401877e-07 +3.098484e-09 +3.731622e-07
   -2.403772e-07 +3.102285e-09 +3.730983e-07
   -2.398060e-07 +6.709607e-10 +3.734713e-07
   -2.399955e-07 +6.747596e-10 +3.734074e-07
   -2.401850e-07 +6.785586e-10 +3.733436e-07
   -2.395517e-07 +1.829137e-09 +3.727259e-07
   -2.395579e-07 +4.249167e-09 +3.725435e-07
   -2.397474e-07 +4.252968e-09 +3.724796e-07
   -2.399369e-07 +4.256769e-09 +3.724157e-07
   -2.399577e-07 +4.350459e-09 +3.738805e-07
   -2.401472e-07 +4.354261e-09 +3.738166e-07
   -2.403366e-07 +4.358063e-09 +3.737528e-07
   -2.405261e-07 +4.361866e-09 +3.736889e-07
   -2.407156e-07 +4.365668e-09 +3.736251e-07
   -2.409051e-07 +4.369470e-09 +3.735612e-07
   -2.394992e-07 +4.247989e-09 +3.725633e-07
   -2.391753e-07 +1.728313e-09 +3.713811e-07
   -2.393648e-07 +1.732114e-09 +3.713172e-07
   -2.395543e-07 +1.735915e-09 +3.712534e-07
   -2.395485e-07 +1.829073e-09 +3.727270e-07
   -2.401342e-07 +1.934093e-09 +3.740014e-07
   -2.403237e-07 +1.937893e-09 +3.739376e-07
   -2.397801e-07 +3.090307e-09 +3.732996e-07
   -2.399696e-07 +3.094108e-09 +3.732357e-07
   -2.396278e-07 +1.830664e-09 +3.727003e-07
   -2.395425e-07 +4.248857e-09 +3.725487e-07
   -2.396000e-07 +1.830105e-09 +3.727097e-07
   -2.401007e-07 +1.933421e-09 +3.740127e-07
   -2.402902e-07 +1.937222e-09 +3.739489e-07
   -2.395666e-07 +1.829435e-09 +3.727209e-07
   -2.401263e-07 +1.933936e-09 +3.740040e-07
   -2.403159e-07 +1.937737e-09 +3.739402e-07
   -2.405054e-07 +1.941537e-09 +3.738764e-07
   -2.406949e-07 +1.945338e-09 +3.738126e-07
   -2.405614e-07 +2.035935e-09 +3.753389e-07
   -2.407509e-07 +2.039734e-09 +3.752750e-07
   -2.409403e-07 +2.043533e-09 +3.752111e-07
   -2.411298e-07 +2.047332e-09 +3.751472e-07
   -2.413193e-07 +2.051130e-09 +3.750833e-07
   -2.415088e-07 +2.054929e-09 +3.750194e-07
   -2.416982e-07 +2.058728e-09 +3.749554e-07
   -2.418877e-07 +2.062527e-09 +3.748915e-07
   -2.420772e-07 +2.066325e-09 +3.748276e-07
   -2.422667e-07 +2.070124e-09 +3.747637e-07
   -2.424561e-07 +2.073923e-09 +3.746998e-07
   -2.222544e-07 +1.788146e-09 +3.817296e-07
   -2.224432e-07 +1.790691e-09 +3.816637e-07
   -2.225648e-07 +6.307999e-10 +3.824455e-07
   -2.227536e-07 +6.333442e-10 +3.823796e-07
   -2.229424e-07 +6.358884e-10 +3.823137e-07
   -2.231312e-07 +6.384326e-10 +3.822478e-07
   -2.233201e-07 +6.409768e-10 +3.821819e-07
   -2.235562e-07 +4.513601e-09 +3.855259e-07
   -2.237449e-07 +4.516145e-09 +3.854599e-07
   -2.239337e-07 +4.518690e-09 +3.853939e-07
   -2.241225e-07 +4.521235e-09 +3.853279e-07
   -2.243113e-07 +4.523779e-09 +3.852619e-07
   -2.245001e-07 +4.526324e-09 +3.851959e-07
   -2.246888e-07 +4.528869e-09 +3.851299e-07
   -2.248776e-07 +4.531413e-09 +3.850639e-07
   -2.182335e-07 +1.052242e-08 +4.037362e-07
   -2.183980e-07 +1.052090e-08 +4.036225e-07
   -2.185626e-07 +1.051939e-08 +4.035088e-07
   -2.189991e-07 +1.092037e-08 +4.048423e-07
   -2.191637e-07 +1.091885e-08 +4.047286e-07
   -2.181170e-07 +1.420783e-08 +4.033722e-07
   -2.182816e-07 +1.420632e-08 +4.032585e-07
   -2.184461e-07 +1.420480e-08 +4.031448e-07
   -2.186106e-07 +1.420329e-08 +4.030311e-07
   -2.174672e-07 +1.517157e-08 +4.025874e-07
   -2.176317e-07 +1.517005e-08 +4.024737e-07
   -2.177962e-07 +1.516854e-08 +4.023600e-07
   -2.174252e-07 +1.012477e-08 +4.026626e-07
   -2.187040e-07 +8.196692e-09 +4.042467e-07
   -2.188686e-07 +8.195180e-09 +4.041330e-07
   -2.190331e-07 +8.193667e-09 +4.040193e-07
   -2.191976e-07 +8.192154e-09 +4.039057e-07
   -2.193622e-07 +8.190642e-09 +4.037920e-07
   -2.195267e-07 +8.189129e-09 +4.036783e-07
   -2.196913e-07 +8.187616e-09 +4.035646e-07
   -2.198558e-07 +8.186104e-09 +4.034509e-07
   -2.200204e-07 +8.184591e-09 +4.033373e-07
   -2.201849e-07 +8.183078e-09 +4.032236e-07
   -2.203494e-07 +8.181566e-09 +4.031099e-07
   -2.205140e-07 +8.180053e-09 +4.029962e-07
   -2.179956e-07 +1.420895e-08 +4.034561e-07
   -2.181601e-07 +1.420744e-08 +4.033424e-07
   -2.183247e-07 +1.420592e-08 +4.032287e-07
   -2.184892e-07 +1.420441e-08 +4.031150e-07
   -2.178611e-07 +1.284635e-08 +4.031509e-07
   -2.171658e-07 +1.244775e-08 +4.020062e-07
   -2.173303e-07 +1.244624e-08 +4.018924e-07
   -2.174948e-07 +1.244472e-08 +4.017787e-07
   -2.176594e-07 +1.244321e-08 +4.016650e-07
   -2.185052e-07 +1.188267e-08 +4.039397e-07
   -2.189313e-07 +1.092099e-08 +4.048891e-07
   -2.190958e-07 +1.091948e-08 +4.047754e-07
   -2.192604e-07 +1.091797e-08 +4.046618e-07
   -2.194249e-07 +1.091645e-08 +4.045481e-07
   -2.195894e-07 +1.091494e-08 +4.044344e-07
   -2.197540e-07 +1.091343e-08 +4.043207e-07
   -2.199185e-07 +1.091192e-08 +4.042070e-07
   -2.195286e-07 +9.957445e-09 +4.057033e-07
   -2.196932e-07 +9.955934e-09 +4.055896e-07
   -2.198577e-07 +9.954422e-09 +4.054759e-07
   -2.200222e-07 +9.952910e-09 +4.053622e-07
   -2.201867e-07 +9.951399e-09 +4.052485e-07
   -2.203513e-07 +9.949887e-09 +4.051348e-07
   -2.205158e-07 +9.948376e-09 +4.050211e-07
   -2.206803e-07 +9.946864e-09 +4.049074e-07
   -2.208449e-07 +9.945352e-09 +4.047937e-07
   -2.210094e-07 +9.943841e-09 +4.046800e-07
   -2.211739e-07 +9.942329e-09 +4.045663e-07
   -2.190691e-07 +1.091972e-08 +4.047939e-07
   -2.182636e-07 +1.052214e-08 +4.037153e-07
   -2.184282e-07 +1.052063e-08 +4.036017e-07
   -2.175413e-07 +1.012370e-08 +4.025824e-07
   -2.177058e-07 +1.012218e-08 +4.024688e-07
   -2.178704e-07 +1.012066e-08 +4.023551e-07
   -2.147868e-07 +1.125366e-08 +3.987545e-07
   -2.149514e-07 +1.125216e-08 +3.986408e-07
   -2.151159e-07 +1.125065e-08 +3.985271e-07
   -2.155152e-07 +1.165295e-08 +3.998764e-07
   -2.154600e-07 +1.028972e-08 +3.995232e-07
   -2.156245e-07 +1.028821e-08 +3.994095e-07
   -2.157890e-07 +1.028671e-08 +3.992958e-07
   -2.159536e-07 +1.028520e-08 +3.991821e-07
   -2.147799e-07 +1.125373e-08 +3.987593e-07
   -2.149445e-07 +1.125222e-08 +3.986456e-07
   -2.300733e-07 +2.140000e-08 +3.947793e-07
   -2.298744e-07 +2.139994e-08 +3.947588e-07
   -2.300428e-07 +2.000399e-08 +3.946762e-07
   -2.298439e-07 +2.000393e-08 +3.946556e-07
   -2.301871e-07 +2.498100e-08 +3.938397e-07
   -2.299882e-07 +2.498093e-08 +3.938192e-07
   -2.301320e-07 +2.437393e-08 +3.925715e-07
   -2.299330e-07 +2.437386e-08 +3.925509e-07
   -2.297341e-07 +2.437379e-08 +3.925302e-07
   -2.295352e-07 +2.437372e-08 +3.925096e-07
   -2.300639e-07 +2.498095e-08 +3.938270e-07
   -2.298650e-07 +2.498088e-08 +3.938065e-07
   -2.296661e-07 +2.498081e-08 +3.937859e-07
   -2.298939e-07 +2.698395e-08 +3.951828e-07
   -2.296950e-07 +2.698389e-08 +3.951622e-07
   -2.294961e-07 +2.698382e-08 +3.951416e-07
   -2.292971e-07 +2.698376e-08 +3.951210e-07
   -2.300243e-07 +2.558799e-08 +3.950963e-07
   -2.298253e-07 +2.558793e-08 +3.950757e-07
   -2.296264e-07 +2.558786e-08 +3.950550e-07
   -2.294275e-07 +2.558780e-08 +3.950344e-07
   -2.300083e-07 +2.837999e-08 +3.953057e-07
   -2.298093e-07 +2.837992e-08 +3.952851e-07
   -2.296104e-07 +2.837986e-08 +3.952645e-07
   -2.294115e-07 +2.837980e-08 +3.952439e-07
   -2.300190e-07 +2.698399e-08 +3.951958e-07
   -2.298201e-07 +2.698392e-08 +3.951752e-07
   -2.298263e-07 +2.401100e-08 +3.973996e-07
   -2.300600e-07 +2.419200e-08 +3.949890e-07
   -2.298610e-07 +2.419193e-08 +3.949684e-07
   -2.296621e-07 +2.419187e-08 +3.949479e-07
   -2.294631e-07 +2.419181e-08 +3.949274e-07
   -2.292642e-07 +2.419175e-08 +3.949068e-07
   -2.290653e-07 +2.419168e-08 +3.948863e-07
   -2.288663e-07 +2.419162e-08 +3.948658e-07
   -2.301599e-07 +2.498099e-08 +3.938369e-07
   -2.299610e-07 +2.498092e-08 +3.938164e-07
   -2.297620e-07 +2.498084e-08 +3.937958e-07
   -2.301505e-07 +2.637699e-08 +3.939469e-07
   -2.299515e-07 +2.637693e-08 +3.939263e-07
   -2.297526e-07 +2.637687e-08 +3.939057e-07
   -2.295537e-07 +2.637680e-08 +3.938851e-07
   -2.301429e-07 +2.498098e-08 +3.938351e-07
   -2.299440e-07 +2.498091e-08 +3.938146e-07
   -2.301338e-07 +2.637699e-08 +3.939452e-07
   -2.299354e-07 +2.698396e-08 +3.951871e-07
   -2.297365e-07 +2.698390e-08 +3.951665e-07
   -2.298169e-07 +2.680300e-08 +3.976097e-07
   -2.296180e-07 +2.680293e-08 +3.975891e-07
   -2.294191e-07 +2.680285e-08 +3.975685e-07
   -2.292201e-07 +2.680278e-08 +3.975479e-07
   -2.290212e-07 +2.680271e-08 +3.975273e-07
   -2.288222e-07 +2.680263e-08 +3.975067e-07
   -2.286233e-07 +2.680256e-08 +3.974861e-07
   -2.284244e-07 +2.680249e-08 +3.974655e-07
   -2.300251e-07 +2.837999e-08 +3.953074e-07
   -2.298261e-07 +2.837993e-08 +3.952868e-07
   -2.296272e-07 +2.837987e-08 +3.952662e-07
   -2.294283e-07 +2.837980e-08 +3.952456e-07
   -2.292293e-07 +2.837974e-08 +3.952250e-07
   -2.298758e-07 +2.619598e-08 +3.963434e-07
   -2.296769e-07 +2.619590e-08 +3.963227e-07
   -2.294779e-07 +2.619583e-08 +3.963021e-07
   -2.292790e-07 +2.619576e-08 +3.962815e-07
   -2.296333e-07 +2.540693e-08 +3.974807e-07
   -2.296853e-07 +2.461800e-08 +3.986485e-07
   -2.293067e-07 +2.443694e-08 +4.010441e-07
   -2.293994e-07 +2.522494e-08 +3.998913e-07
   -2.297444e-07 +2.540697e-08 +3.974922e-07
   -2.295455e-07 +2.540690e-08 +3.974716e-07
   -2.293466e-07 +2.540683e-08 +3.974509e-07
   -2.297659e-07 +2.759194e-08 +3.964430e-07
   -2.295670e-07 +2.759187e-08 +3.964224e-07
   -2.293680e-07 +2.759179e-08 +3.964018e-07
   -2.299119e-07 +2.698395e-08 +3.951847e-07
   -2.298867e-07 +2.558795e-08 +3.950820e-07
   -2.296878e-07 +2.558788e-08 +3.950614e-07
   -2.294888e-07 +2.558782e-08 +3.950408e-07
   -2.299348e-07 +2.480000e-08 +3.962495e-07
   -2.296438e-07 +2.540694e-08 +3.974817e-07
   -2.294449e-07 +2.540686e-08 +3.974611e-07
   -2.292459e-07 +2.540679e-08 +3.974405e-07
   -2.290470e-07 +2.540672e-08 +3.974199e-07
   -2.288481e-07 +2.540664e-08 +3.973993e-07
   -2.293784e-07 +2.801793e-08 +4.001002e-07
   -2.291795e-07 +2.801786e-08 +4.000796e-07
   -2.289805e-07 +2.801778e-08 +4.000591e-07
   -2.287816e-07 +2.801771e-08 +4.000385e-07
   -2.297741e-07 +2.540698e-08 +3.974952e-07
   -2.295752e-07 +2.540691e-08 +3.974746e-07
   -2.299165e-07 +2.340299e-08 +3.961365e-07
   -2.297176e-07 +2.340293e-08 +3.961160e-07
   -2.295187e-07 +2.340286e-08 +3.960955e-07
   -2.293197e-07 +2.340280e-08 +3.960750e-07
   -2.295315e-07 +2.243298e-08 +3.996939e-07
   -2.293325e-07 +2.243292e-08 +3.996733e-07
   -2.291336e-07 +2.243286e-08 +3.996527e-07
   -2.295657e-07 +2.322195e-08 +3.985350e-07
   -2.293667e-07 +2.322187e-08 +3.985144e-07
   -2.291678e-07 +2.322180e-08 +3.984938e-07
   -2.294499e-07 +2.382896e-08 +3.997866e-07
   -2.294070e-07 +2.304098e-08 +4.009445e-07
   -2.295938e-07 +2.182596e-08 +3.984280e-07
   -2.293948e-07 +2.182588e-08 +3.984075e-07
   -2.296915e-07 +2.322199e-08 +3.985481e-07
   -2.294926e-07 +2.322192e-08 +3.985275e-07
   -2.294156e-07 +2.243295e-08 +3.996819e-07
   -2.292167e-07 +2.243288e-08 +3.996613e-07
   -2.290178e-07 +2.243282e-08 +3.996407e-07
   -2.288188e-07 +2.243276e-08 +3.996201e-07
   -2.297902e-07 +2.401099e-08 +3.973959e-07
   -2.295135e-07 +2.461794e-08 +3.986307e-07
   -2.293146e-07 +2.461788e-08 +3.986101e-07
   -2.297546e-07 +2.401097e-08 +3.973922e-07
   -2.295557e-07 +2.401090e-08 +3.973716e-07
   -2.293567e-07 +2.401083e-08 +3.973510e-07
   -2.291578e-07 +2.401075e-08 +3.973304e-07
   -2.296992e-07 +2.461800e-08 +3.986499e-07
   -2.295002e-07 +2.461794e-08 +3.986293e-07
   -2.293013e-07 +2.461787e-08 +3.986087e-07
   -2.291024e-07 +2.461781e-08 +3.985881e-07
   -2.297159e-07 +2.401096e-08 +3.973882e-07
   -2.295170e-07 +2.401089e-08 +3.973676e-07
   -2.295655e-07 +2.243299e-08 +3.996975e-07
   -2.294657e-07 +2.382896e-08 +3.997882e-07
   -2.292667e-07 +2.382890e-08 +3.997677e-07
   -2.290678e-07 +2.382884e-08 +3.997472e-07
   -2.288688e-07 +2.382878e-08 +3.997267e-07
   -2.299430e-07 +2.200700e-08 +3.960393e-07
   -2.297441e-07 +2.200694e-08 +3.960186e-07
   -2.295451e-07 +2.200687e-08 +3.959980e-07
   -2.300680e-07 +2.039577e-08 +3.997220e-07
   -2.298740e-07 +2.039783e-08 +3.996735e-07
   -2.296800e-07 +2.039989e-08 +3.996250e-07
   -2.301295e-07 +1.914759e-08 +3.990924e-07
   -2.299355e-07 +1.914965e-08 +3.990439e-07
   -2.297415e-07 +1.915170e-08 +3.989954e-07
   -2.295475e-07 +1.915375e-08 +3.989469e-07
   -2.293535e-07 +1.915581e-08 +3.988984e-07
   -2.291595e-07 +1.915786e-08 +3.988499e-07
   -2.289654e-07 +1.915991e-08 +3.988014e-07
   -2.287714e-07 +1.916197e-08 +3.987529e-07
   -2.304156e-07 +2.273932e-08 +3.982289e-07
   -2.302216e-07 +2.274138e-08 +3.981805e-07
   -2.309095e-07 +2.141107e-08 +3.962649e-07
   -2.307155e-07 +2.141313e-08 +3.962164e-07
   -2.305215e-07 +2.141520e-08 +3.961679e-07
   -2.304988e-07 +2.273844e-08 +3.982497e-07
   -2.303048e-07 +2.274050e-08 +3.982013e-07
   -2.301108e-07 +2.274256e-08 +3.981528e-07
   -2.299167e-07 +2.274462e-08 +3.981044e-07
   -2.297227e-07 +2.274669e-08 +3.980559e-07
   -2.125889e-07 +2.270390e-08 +3.894492e-07
   -2.120775e-07 +2.403202e-08 +3.914137e-07
   -2.118836e-07 +2.403310e-08 +3.913645e-07
   -2.116898e-07 +2.403418e-08 +3.913153e-07
   -2.114959e-07 +2.403527e-08 +3.912661e-07
   -2.113021e-07 +2.403635e-08 +3.912170e-07
   -2.114363e-07 +2.418781e-08 +3.941435e-07
   -2.113764e-07 +2.543736e-08 +3.947738e-07
   -2.111825e-07 +2.543844e-08 +3.947246e-07
   -2.109887e-07 +2.543952e-08 +3.946754e-07
   -2.107948e-07 +2.544060e-08 +3.946261e-07
   -2.106010e-07 +2.544168e-08 +3.945769e-07
   -2.104071e-07 +2.544276e-08 +3.945277e-07
   -2.114909e-07 +2.418750e-08 +3.941574e-07
   -2.107400e-07 +2.434489e-08 +3.968494e-07
   -2.105462e-07 +2.434597e-08 +3.968001e-07
   -2.103523e-07 +2.434706e-08 +3.967509e-07
   -2.101585e-07 +2.434814e-08 +3.967017e-07
   -2.099646e-07 +2.434922e-08 +3.966524e-07
   -2.116317e-07 +2.293849e-08 +3.935376e-07
   -2.114201e-07 +2.176662e-08 +3.942721e-07
   -2.108775e-07 +2.309491e-08 +3.962288e-07
   -2.106836e-07 +2.309599e-08 +3.961796e-07
   -2.104879e-07 +2.461113e-08 +3.966589e-07
   -2.104338e-07 +2.242660e-08 +3.977149e-07
   -2.104166e-07 +2.521872e-08 +3.979263e-07
   -2.102178e-07 +2.521702e-08 +3.979046e-07
   -2.100190e-07 +2.521532e-08 +3.978829e-07
   -2.098202e-07 +2.521363e-08 +3.978611e-07
   -2.096214e-07 +2.521193e-08 +3.978394e-07
   -2.094226e-07 +2.521024e-08 +3.978176e-07
   -2.126953e-07 +2.270331e-08 +3.894761e-07
   -2.125014e-07 +2.270439e-08 +3.894270e-07
   -2.123076e-07 +2.270547e-08 +3.893779e-07
   -2.105764e-07 +2.181863e-08 +3.964652e-07
   -2.103776e-07 +2.181694e-08 +3.964434e-07
   -2.101788e-07 +2.181525e-08 +3.964217e-07
   -2.099800e-07 +2.181357e-08 +3.963999e-07
   -2.097812e-07 +2.181188e-08 +3.963781e-07
   -2.110377e-07 +2.357739e-08 +3.917521e-07
   -2.108389e-07 +2.357570e-08 +3.917304e-07
   -2.106401e-07 +2.357401e-08 +3.917087e-07
   -2.104413e-07 +2.357232e-08 +3.916870e-07
   -2.102425e-07 +2.357063e-08 +3.916653e-07
   -2.100437e-07 +2.356894e-08 +3.916436e-07
   -2.098448e-07 +2.356725e-08 +3.916219e-07
   -2.096460e-07 +2.356556e-08 +3.916002e-07
   -2.094472e-07 +2.356387e-08 +3.915785e-07
   -2.092484e-07 +2.356218e-08 +3.915568e-07
   -2.108622e-07 +2.278882e-08 +3.928950e-07
   -2.107375e-07 +2.199979e-08 +3.940445e-07
   -2.107622e-07 +2.339616e-08 +3.941593e-07
   -2.109771e-07 +2.278980e-08 +3.929075e-07
   -2.107783e-07 +2.278810e-08 +3.928858e-07
   -2.105795e-07 +2.278641e-08 +3.928641e-07
   -2.110813e-07 +2.357776e-08 +3.917569e-07
   -2.108825e-07 +2.357607e-08 +3.917352e-07
   -2.106837e-07 +2.357438e-08 +3.917135e-07
   -2.104849e-07 +2.357269e-08 +3.916918e-07
   -2.109680e-07 +2.218062e-08 +3.916422e-07
   -2.108462e-07 +2.278869e-08 +3.928932e-07
   -2.103087e-07 +2.801005e-08 +3.981278e-07
   -2.101099e-07 +2.800836e-08 +3.981060e-07
   -2.099111e-07 +2.800667e-08 +3.980842e-07
   -2.097123e-07 +2.800497e-08 +3.980624e-07
   -2.095135e-07 +2.800328e-08 +3.980405e-07
   -2.105704e-07 +2.461183e-08 +3.966679e-07
   -2.103716e-07 +2.461014e-08 +3.966462e-07
   -2.101728e-07 +2.460844e-08 +3.966246e-07
   -2.105254e-07 +2.461145e-08 +3.966630e-07
   -2.104573e-07 +2.382289e-08 +3.978286e-07
   -2.104997e-07 +2.461123e-08 +3.966602e-07
   -2.106049e-07 +2.539911e-08 +3.955086e-07
   -2.104060e-07 +2.539742e-08 +3.954869e-07
   -2.102072e-07 +2.539574e-08 +3.954653e-07
   -2.107713e-07 +2.758467e-08 +3.944758e-07
   -2.105725e-07 +2.758297e-08 +3.944540e-07
   -2.103736e-07 +2.758128e-08 +3.944323e-07
   -2.101748e-07 +2.757958e-08 +3.944105e-07
   -2.107824e-07 +2.697666e-08 +3.932028e-07
   -2.109297e-07 +2.558174e-08 +3.931167e-07
   -2.107309e-07 +2.558004e-08 +3.930949e-07
   -2.105321e-07 +2.557835e-08 +3.930732e-07
   -2.103333e-07 +2.557665e-08 +3.930514e-07
   -2.101345e-07 +2.557495e-08 +3.930296e-07
   -2.101358e-07 +2.582451e-08 +3.991610e-07
   -2.103879e-07 +2.600645e-08 +3.967601e-07
   -2.106132e-07 +2.539918e-08 +3.955095e-07
   -2.104144e-07 +2.539749e-08 +3.954878e-07
   -2.102156e-07 +2.539581e-08 +3.954662e-07
   -2.104533e-07 +2.600700e-08 +3.967672e-07
   -2.102545e-07 +2.600531e-08 +3.967455e-07
   -2.104215e-07 +2.521876e-08 +3.979269e-07
   -2.101881e-07 +2.582496e-08 +3.991667e-07
   -2.099893e-07 +2.582327e-08 +3.991449e-07
   -2.097905e-07 +2.582157e-08 +3.991232e-07
   -2.095917e-07 +2.581988e-08 +3.991015e-07
   -2.093929e-07 +2.581818e-08 +3.990798e-07
   -2.103593e-07 +2.801048e-08 +3.981333e-07
   -2.101605e-07 +2.800879e-08 +3.981115e-07
   -2.099617e-07 +2.800710e-08 +3.980897e-07
   -2.097629e-07 +2.800540e-08 +3.980679e-07
   -2.095641e-07 +2.800371e-08 +3.980461e-07
   -2.093653e-07 +2.800202e-08 +3.980243e-07
   -2.091665e-07 +2.800032e-08 +3.980025e-07
   -2.089677e-07 +2.799863e-08 +3.979807e-07
   -2.087689e-07 +2.799694e-08 +3.979588e-07
   -2.085701e-07 +2.799525e-08 +3.979370e-07
   -2.083713e-07 +2.799355e-08 +3.979152e-07
   -2.081725e-07 +2.799186e-08 +3.978934e-07
   -2.079737e-07 +2.799017e-08 +3.978716e-07
   -2.077749e-07 +2.798847e-08 +3.978498e-07
   -2.105087e-07 +2.740365e-08 +3.968755e-07
   -2.103099e-07 +2.740195e-08 +3.968538e-07
   -2.101111e-07 +2.740026e-08 +3.968320e-07
   -2.105990e-07 +2.819140e-08 +3.957222e-07
   -2.104002e-07 +2.818971e-08 +3.957005e-07
   -2.102014e-07 +2.818803e-08 +3.956788e-07
   -2.100026e-07 +2.818634e-08 +3.956570e-07
   -2.106708e-07 +2.758381e-08 +3.944648e-07
   -2.105547e-07 +2.819102e-08 +3.957174e-07
   -2.108236e-07 +2.558084e-08 +3.931051e-07
   -2.106248e-07 +2.557914e-08 +3.930833e-07
   -2.104260e-07 +2.557744e-08 +3.930615e-07
   -2.102271e-07 +2.557574e-08 +3.930398e-07
   -2.100283e-07 +2.557405e-08 +3.930180e-07
   -2.098295e-07 +2.557235e-08 +3.929962e-07
   -2.096307e-07 +2.557065e-08 +3.929745e-07
   -2.094319e-07 +2.556895e-08 +3.929527e-07
   -2.092331e-07 +2.556726e-08 +3.929309e-07
   -2.109000e-07 +2.418532e-08 +3.930112e-07
   -2.106478e-07 +2.479136e-08 +3.942490e-07
   -2.106952e-07 +2.539987e-08 +3.955184e-07
   -2.104964e-07 +2.539819e-08 +3.954968e-07
   -2.109319e-07 +2.697793e-08 +3.932191e-07
   -2.107331e-07 +2.697623e-08 +3.931974e-07
   -2.105343e-07 +2.697454e-08 +3.931756e-07
   -2.103355e-07 +2.697284e-08 +3.931539e-07
   -2.101367e-07 +2.697114e-08 +3.931321e-07
   -2.110680e-07 +2.637090e-08 +3.919687e-07
   -2.108692e-07 +2.636920e-08 +3.919469e-07
   -2.111317e-07 +2.436616e-08 +3.905993e-07
   -2.109329e-07 +2.436447e-08 +3.905776e-07
   -2.110756e-07 +2.497379e-08 +3.918673e-07
   -2.108768e-07 +2.497210e-08 +3.918456e-07
   -2.106780e-07 +2.497042e-08 +3.918238e-07
   -2.104792e-07 +2.496873e-08 +3.918020e-07
   -2.102804e-07 +2.496704e-08 +3.917802e-07
   -2.100816e-07 +2.496535e-08 +3.917584e-07
   -2.098828e-07 +2.496367e-08 +3.917367e-07
   -2.096840e-07 +2.496198e-08 +3.917149e-07
   -2.094852e-07 +2.496029e-08 +3.916931e-07
   -2.092864e-07 +2.495860e-08 +3.916713e-07
   -2.108382e-07 +2.558096e-08 +3.931067e-07
   -2.106394e-07 +2.557926e-08 +3.930849e-07
   -2.104406e-07 +2.557757e-08 +3.930631e-07
   -2.102418e-07 +2.557587e-08 +3.930414e-07
   -2.100430e-07 +2.557417e-08 +3.930196e-07
   -2.098442e-07 +2.557247e-08 +3.929978e-07
   -2.096454e-07 +2.557078e-08 +3.929761e-07
   -2.094466e-07 +2.556908e-08 +3.929543e-07
   -2.092478e-07 +2.556738e-08 +3.929325e-07
   -2.110681e-07 +2.497373e-08 +3.918665e-07
   -2.108693e-07 +2.497204e-08 +3.918447e-07
   -2.106705e-07 +2.497035e-08 +3.918230e-07
   -2.104717e-07 +2.496867e-08 +3.918012e-07
   -2.109692e-07 +2.637005e-08 +3.919579e-07
   -2.107704e-07 +2.636836e-08 +3.919361e-07
   -2.109227e-07 +2.837394e-08 +3.933292e-07
   -2.107239e-07 +2.837224e-08 +3.933075e-07
   -2.105251e-07 +2.837055e-08 +3.932857e-07
   -2.103262e-07 +2.836885e-08 +3.932640e-07
   -2.109762e-07 +2.637011e-08 +3.919586e-07
   -2.107774e-07 +2.636842e-08 +3.919369e-07
   -2.105786e-07 +2.636672e-08 +3.919151e-07
   -2.103798e-07 +2.636502e-08 +3.918933e-07
   -2.101810e-07 +2.636332e-08 +3.918716e-07
   -2.099822e-07 +2.636163e-08 +3.918498e-07
   -2.097834e-07 +2.635993e-08 +3.918280e-07
   -2.095846e-07 +2.635823e-08 +3.918063e-07
   -2.093858e-07 +2.635653e-08 +3.917845e-07
   -2.108100e-07 +2.697689e-08 +3.932058e-07
   -2.108665e-07 +2.558120e-08 +3.931098e-07
   -2.106677e-07 +2.557950e-08 +3.930880e-07
   -2.104689e-07 +2.557781e-08 +3.930662e-07
   -2.102701e-07 +2.557611e-08 +3.930445e-07
   -2.100713e-07 +2.557441e-08 +3.930227e-07
   -2.106842e-07 +2.618784e-08 +3.943551e-07
   -2.104854e-07 +2.618614e-08 +3.943334e-07
   -2.102866e-07 +2.618445e-08 +3.943116e-07
   -2.109223e-07 +2.418551e-08 +3.930137e-07
   -2.106792e-07 +2.339546e-08 +3.941502e-07
   -2.108876e-07 +2.278904e-08 +3.928977e-07
   -2.108525e-07 +2.339694e-08 +3.941692e-07
   -2.106537e-07 +2.339524e-08 +3.941474e-07
   -2.104549e-07 +2.339354e-08 +3.941256e-07
   -2.107043e-07 +2.260770e-08 +3.953161e-07
   -2.105055e-07 +2.260601e-08 +3.952943e-07
   -2.103067e-07 +2.260432e-08 +3.952725e-07
   -2.101079e-07 +2.260263e-08 +3.952508e-07
   -2.099091e-07 +2.260095e-08 +3.952290e-07
   -2.106729e-07 +2.339540e-08 +3.941495e-07
   -2.106703e-07 +2.121124e-08 +3.952002e-07
   -2.104715e-07 +2.120955e-08 +3.951785e-07
   -2.106489e-07 +2.260723e-08 +3.953100e-07
   -2.104501e-07 +2.260554e-08 +3.952882e-07
   -2.102513e-07 +2.260385e-08 +3.952665e-07
   -2.100525e-07 +2.260216e-08 +3.952447e-07
   -2.098537e-07 +2.260047e-08 +3.952229e-07
   -2.096549e-07 +2.259879e-08 +3.952011e-07
   -2.105343e-07 +2.321444e-08 +3.965628e-07
   -2.103355e-07 +2.321276e-08 +3.965410e-07
   -2.101367e-07 +2.321107e-08 +3.965193e-07
   -2.099378e-07 +2.320938e-08 +3.964975e-07
   -2.104221e-07 +2.600674e-08 +3.967638e-07
   -2.102233e-07 +2.600504e-08 +3.967421e-07
   -2.100245e-07 +2.600335e-08 +3.967203e-07
   -2.098257e-07 +2.600165e-08 +3.966986e-07
   -2.096269e-07 +2.599996e-08 +3.966769e-07
   -2.094281e-07 +2.599826e-08 +3.966551e-07
   -2.092293e-07 +2.599656e-08 +3.966334e-07
   -2.090305e-07 +2.599487e-08 +3.966116e-07
   -1.913583e-07 +2.086701e-08 +3.955229e-07
   -1.905673e-07 +2.018653e-08 +3.952240e-07
   -1.904741e-07 +2.017902e-08 +3.950472e-07
   -1.904808e-07 +1.881126e-08 +3.955325e-07
   -1.903877e-07 +1.880374e-08 +3.953557e-07
   -1.855994e-07 +2.350023e-08 +3.770299e-07
   -1.867731e-07 +2.376670e-08 +3.763060e-07
   -1.866690e-07 +2.375390e-08 +3.761358e-07
   -1.814383e-07 +2.006479e-08 +3.798672e-07
   -1.813342e-07 +2.005201e-08 +3.796969e-07
   -1.812300e-07 +2.003922e-08 +3.795266e-07
   -1.811259e-07 +2.002644e-08 +3.793564e-07
   -1.854757e-07 +2.719679e-08 +3.768340e-07
   -1.853716e-07 +2.718400e-08 +3.766637e-07
   -1.852674e-07 +2.717122e-08 +3.764934e-07
   -1.851633e-07 +2.715843e-08 +3.763232e-07
   -1.850591e-07 +2.714564e-08 +3.761529e-07
   -1.849550e-07 +2.713285e-08 +3.759827e-07
   -1.848508e-07 +2.712006e-08 +3.758124e-07
   -1.847467e-07 +2.710727e-08 +3.756421e-07
   -1.842506e-07 +2.692380e-08 +3.774576e-07
   -1.841465e-07 +2.691101e-08 +3.772873e-07
   -1.840423e-07 +2.689822e-08 +3.771170e-07
   -1.851035e-07 +2.587184e-08 +3.770913e-07
   -1.963682e-07 +3.331490e-08 +3.745292e-07
   -1.973675e-07 +3.290058e-08 +3.736304e-07
   -1.972364e-07 +3.281580e-08 +3.735055e-07
   -1.971052e-07 +3.273102e-08 +3.733805e-07
   -1.969741e-07 +3.264624e-08 +3.732555e-07
   -1.956505e-07 +3.449862e-08 +3.742750e-07
   -1.955195e-07 +3.441383e-08 +3.741500e-07
   -2.008223e-07 +3.255435e-08 +3.699773e-07
   -2.006912e-07 +3.246957e-08 +3.698523e-07
   -2.005602e-07 +3.238480e-08 +3.697272e-07
   -1.982353e-07 +2.958418e-08 +3.750383e-07
   -1.981042e-07 +2.949944e-08 +3.749132e-07
   -1.979731e-07 +2.941470e-08 +3.747882e-07
   -1.978421e-07 +2.932996e-08 +3.746631e-07
   -1.977110e-07 +2.924522e-08 +3.745381e-07
   -2.000930e-07 +3.090707e-08 +3.721247e-07
   -1.999620e-07 +3.082230e-08 +3.719997e-07
   -1.998309e-07 +3.073753e-08 +3.718746e-07
   -1.996998e-07 +3.065276e-08 +3.717495e-07
   -1.994297e-07 +3.211957e-08 +3.719031e-07
   -1.992986e-07 +3.203479e-08 +3.717781e-07
   -1.991675e-07 +3.195000e-08 +3.716531e-07
   -1.990363e-07 +3.186521e-08 +3.715282e-07
   -1.983319e-07 +3.247012e-08 +3.727078e-07
   -2.005282e-07 +3.177582e-08 +3.711183e-07
   -2.003971e-07 +3.169102e-08 +3.709932e-07
   -2.011424e-07 +3.052512e-08 +3.712736e-07
   -2.010113e-07 +3.044035e-08 +3.711486e-07
   -2.008802e-07 +3.035557e-08 +3.710236e-07
   -2.007492e-07 +3.027080e-08 +3.708985e-07
   -1.981345e-07 +3.457226e-08 +3.715190e-07
   -1.958171e-07 +3.742342e-08 +3.720019e-07
   -1.972309e-07 +3.786454e-08 +3.700770e-07
   -1.978658e-07 +3.663368e-08 +3.702716e-07
   -1.977347e-07 +3.654890e-08 +3.701465e-07
   -1.964954e-07 +3.621422e-08 +3.722284e-07
   -1.958108e-07 +3.741935e-08 +3.719958e-07
   -1.956797e-07 +3.733455e-08 +3.718709e-07
   -1.955486e-07 +3.724976e-08 +3.717459e-07
   -1.954174e-07 +3.716497e-08 +3.716209e-07
   -1.954747e-07 +3.661474e-08 +3.730969e-07
   -1.953436e-07 +3.652994e-08 +3.729719e-07
   -1.943628e-07 +3.695618e-08 +3.738883e-07
   -1.942318e-07 +3.687136e-08 +3.737633e-07
   -1.941007e-07 +3.678655e-08 +3.736383e-07
   -1.958706e-07 +3.745807e-08 +3.720529e-07
   -1.957395e-07 +3.737328e-08 +3.719279e-07
   -1.956084e-07 +3.728849e-08 +3.718029e-07
   -1.974942e-07 +3.580607e-08 +3.713387e-07
   -1.973631e-07 +3.572129e-08 +3.712137e-07
   -2.006538e-07 +3.467410e-08 +3.688059e-07
   -2.005226e-07 +3.458931e-08 +3.686810e-07
   -2.003915e-07 +3.450451e-08 +3.685560e-07
   -2.002604e-07 +3.441971e-08 +3.684311e-07
   -2.001697e-07 +3.377375e-08 +3.697658e-07
   -2.000385e-07 +3.368898e-08 +3.696408e-07
   -1.999074e-07 +3.360421e-08 +3.695158e-07
   -1.997763e-07 +3.351944e-08 +3.693908e-07
   -1.996452e-07 +3.343467e-08 +3.692659e-07
   -1.995140e-07 +3.334990e-08 +3.691409e-07
   -1.993829e-07 +3.326513e-08 +3.690159e-07
   -2.008396e-07 +3.256553e-08 +3.699938e-07
   -2.007085e-07 +3.248075e-08 +3.698687e-07
   -2.005774e-07 +3.239597e-08 +3.697437e-07
   -1.993689e-07 +3.208025e-08 +3.718451e-07
   -1.992378e-07 +3.199546e-08 +3.717201e-07
   -1.991066e-07 +3.191067e-08 +3.715952e-07
   -1.989755e-07 +3.182589e-08 +3.714702e-07
   -1.988443e-07 +3.174110e-08 +3.713453e-07
   -1.987132e-07 +3.165631e-08 +3.712203e-07
   -1.985821e-07 +3.157153e-08 +3.710954e-07
   -1.984509e-07 +3.148674e-08 +3.709704e-07
   -1.983198e-07 +3.140195e-08 +3.708455e-07
   -1.981886e-07 +3.131717e-08 +3.707205e-07
   -1.980575e-07 +3.123238e-08 +3.705956e-07
   -2.008900e-07 +3.259811e-08 +3.700418e-07
   -2.007589e-07 +3.251333e-08 +3.699168e-07
   -2.006278e-07 +3.242855e-08 +3.697918e-07
   -2.004967e-07 +3.234377e-08 +3.696667e-07
   -2.003657e-07 +3.225900e-08 +3.695417e-07
   -2.002346e-07 +3.217422e-08 +3.694167e-07
   -1.994126e-07 +3.210850e-08 +3.718867e-07
   -1.992815e-07 +3.202371e-08 +3.717618e-07
   -1.991503e-07 +3.193892e-08 +3.716368e-07
   -1.990192e-07 +3.185414e-08 +3.715119e-07
   -1.988880e-07 +3.176935e-08 +3.713869e-07
   -1.987569e-07 +3.168456e-08 +3.712620e-07
   -2.004674e-07 +3.173647e-08 +3.710602e-07
   -2.003363e-07 +3.165167e-08 +3.709352e-07
   -2.002052e-07 +3.156687e-08 +3.708102e-07
   -2.000742e-07 +3.148208e-08 +3.706852e-07
   -1.999431e-07 +3.139728e-08 +3.705601e-07
   -1.998121e-07 +3.131248e-08 +3.704351e-07
   -1.977486e-07 +3.373435e-08 +3.725724e-07
   -1.987937e-07 +3.335612e-08 +3.717268e-07
   -1.986626e-07 +3.327133e-08 +3.716018e-07
   -1.985315e-07 +3.318654e-08 +3.714768e-07
   -1.984004e-07 +3.310176e-08 +3.713518e-07
   -1.982693e-07 +3.301697e-08 +3.712268e-07
   -1.981382e-07 +3.293218e-08 +3.711018e-07
   -1.985289e-07 +3.541464e-08 +3.704737e-07
   -1.983978e-07 +3.532985e-08 +3.703487e-07
   -1.982667e-07 +3.524506e-08 +3.702237e-07
   -1.981356e-07 +3.516027e-08 +3.700987e-07
   -1.980045e-07 +3.507548e-08 +3.699737e-07
   -1.978733e-07 +3.499069e-08 +3.698488e-07
   -1.977422e-07 +3.490590e-08 +3.697238e-07
   -1.981026e-07 +3.455161e-08 +3.714885e-07
   -1.919367e-07 +3.599929e-08 +3.774900e-07
   -1.920875e-07 +3.601036e-08 +3.773591e-07
   -1.922383e-07 +3.602142e-08 +3.772283e-07
   -1.927713e-07 +3.576703e-08 +3.785942e-07
   -1.929222e-07 +3.577811e-08 +3.784634e-07
   -1.930730e-07 +3.578918e-08 +3.783326e-07
   -1.932987e-07 +3.684784e-08 +3.793065e-07
   -1.934496e-07 +3.685891e-08 +3.791757e-07
   -1.929192e-07 +3.815488e-08 +3.789859e-07
   -1.930701e-07 +3.816596e-08 +3.788550e-07
   -1.932209e-07 +3.817703e-08 +3.787242e-07
   -1.928001e-07 +3.576914e-08 +3.785693e-07
   -1.929509e-07 +3.578022e-08 +3.784384e-07
   -1.931018e-07 +3.579129e-08 +3.783076e-07
   -1.932527e-07 +3.580237e-08 +3.781768e-07
   -1.918461e-07 +3.599265e-08 +3.775687e-07
   -1.903618e-07 +3.513487e-08 +3.758497e-07
   -1.895401e-07 +3.536808e-08 +3.747345e-07
   -1.896910e-07 +3.537914e-08 +3.746036e-07
   -1.898418e-07 +3.539020e-08 +3.744728e-07
   -1.919612e-07 +3.837809e-08 +3.779890e-07
   -1.921120e-07 +3.838916e-08 +3.778581e-07
   -1.922629e-07 +3.840023e-08 +3.777273e-07
   -1.924138e-07 +3.841130e-08 +3.775964e-07
   -1.925646e-07 +3.842238e-08 +3.774656e-07
   -1.905059e-07 +3.752343e-08 +3.762449e-07
   -1.906568e-07 +3.753450e-08 +3.761140e-07
   -1.892146e-07 +3.905680e-08 +3.748787e-07
   -1.893654e-07 +3.906787e-08 +3.747479e-07
   -1.895163e-07 +3.907893e-08 +3.746170e-07
   -1.896672e-07 +3.909000e-08 +3.744862e-07
   -1.889434e-07 +4.037278e-08 +3.744644e-07
   -1.890942e-07 +4.038385e-08 +3.743335e-07
   -1.892451e-07 +4.039492e-08 +3.742027e-07
   -1.893960e-07 +4.040599e-08 +3.740719e-07
   -1.885353e-07 +4.167846e-08 +3.741600e-07
   -1.886861e-07 +4.168953e-08 +3.740292e-07
   -1.888370e-07 +4.170060e-08 +3.738984e-07
   -1.888835e-07 +4.036839e-08 +3.745163e-07
   -1.898365e-07 +4.014481e-08 +3.755176e-07
   -1.899873e-07 +4.015589e-08 +3.753867e-07
   -1.901381e-07 +4.016696e-08 +3.752559e-07
   -1.902649e-07 +4.121836e-08 +3.763157e-07
   -1.904158e-07 +4.122943e-08 +3.761849e-07
   -2.017055e-07 +4.141582e-08 +3.913644e-07
   -2.015326e-07 +4.141142e-08 +3.912639e-07
   -2.024946e-07 +4.190035e-08 +3.903052e-07
   -2.023217e-07 +4.189594e-08 +3.902047e-07
   -2.021489e-07 +4.189154e-08 +3.901042e-07
   -2.037221e-07 +4.285950e-08 +3.879830e-07
   -2.035493e-07 +4.285510e-08 +3.878824e-07
   -2.033765e-07 +4.285069e-08 +3.877818e-07
   -2.032036e-07 +4.284628e-08 +3.876812e-07
   -2.030308e-07 +4.284187e-08 +3.875807e-07
   -2.031445e-07 +4.238035e-08 +3.891652e-07
   -2.029717e-07 +4.237595e-08 +3.890647e-07
   -2.027988e-07 +4.237156e-08 +3.889642e-07
   -2.026259e-07 +4.236716e-08 +3.888637e-07
   -2.210362e-07 +3.851232e-08 +3.960490e-07
   -2.208630e-07 +3.851014e-08 +3.959491e-07
   -2.206897e-07 +3.850796e-08 +3.958492e-07
   -2.205165e-07 +3.850578e-08 +3.957493e-07
   -2.203432e-07 +3.850360e-08 +3.956494e-07
   -2.201700e-07 +3.850142e-08 +3.955495e-07
   -2.199968e-07 +3.849924e-08 +3.954496e-07
   -2.204283e-07 +3.803285e-08 +3.972132e-07
   -2.202550e-07 +3.803067e-08 +3.971133e-07
   -2.200818e-07 +3.802849e-08 +3.970134e-07
   -2.199085e-07 +3.802631e-08 +3.969135e-07
   -2.197353e-07 +3.802413e-08 +3.968136e-07
   -2.195620e-07 +3.802195e-08 +3.967137e-07
   -2.206585e-07 +4.079085e-08 +3.967834e-07
   -2.204852e-07 +4.078867e-08 +3.966835e-07
   -2.203119e-07 +4.078648e-08 +3.965837e-07
   -2.201386e-07 +4.078429e-08 +3.964838e-07
   -2.199654e-07 +4.078211e-08 +3.963840e-07
   -2.262479e-07 +5.816161e-08 +4.019669e-07
   -2.261370e-07 +5.817112e-08 +4.018007e-07
   -2.260262e-07 +5.818062e-08 +4.016345e-07
   -2.241090e-07 +6.069366e-08 +4.036135e-07
   -2.264223e-07 +5.537838e-08 +4.017085e-07
   -2.263114e-07 +5.538789e-08 +4.015424e-07
   -2.262004e-07 +5.539740e-08 +4.013762e-07
   -2.135763e-07 +6.143609e-08 +4.125277e-07
   -2.135183e-07 +6.143743e-08 +4.123364e-07
   -2.142175e-07 +6.023399e-08 +4.121800e-07
   -2.141595e-07 +6.023533e-08 +4.119886e-07
   -2.141014e-07 +6.023668e-08 +4.117973e-07
   -2.140433e-07 +6.023803e-08 +4.116059e-07
   -2.139853e-07 +6.023938e-08 +4.114145e-07
   -2.139272e-07 +6.024073e-08 +4.112231e-07
   -2.138692e-07 +6.024207e-08 +4.110317e-07
   -2.138111e-07 +6.024342e-08 +4.108403e-07
   -2.137530e-07 +6.024477e-08 +4.106490e-07
   -2.136950e-07 +6.024612e-08 +4.104576e-07
   -2.136369e-07 +6.024747e-08 +4.102662e-07
   -2.135788e-07 +6.024881e-08 +4.100748e-07
   -2.135208e-07 +6.025016e-08 +4.098834e-07
   -2.107094e-07 +6.249023e-08 +4.138852e-07
   -2.108012e-07 +6.248904e-08 +4.137075e-07
   -2.101808e-07 +6.120073e-08 +4.137098e-07
   -2.102727e-07 +6.119955e-08 +4.135322e-07
   -2.103646e-07 +6.119837e-08 +4.133546e-07
   -2.104565e-07 +6.119719e-08 +4.131769e-07
   -2.108997e-07 +6.618562e-08 +4.140526e-07
   -2.109915e-07 +6.618444e-08 +4.138750e-07
   -2.110834e-07 +6.618326e-08 +4.136973e-07
   -2.111752e-07 +6.618208e-08 +4.135197e-07
   -2.112671e-07 +6.618090e-08 +4.133420e-07
   -2.113589e-07 +6.617972e-08 +4.131644e-07
   -2.114508e-07 +6.617854e-08 +4.129867e-07
   -2.104234e-07 +6.489644e-08 +4.137761e-07
   -2.077361e-07 +6.085640e-08 +4.123909e-07
   -2.094886e-07 +6.231699e-08 +4.132081e-07
   -2.089755e-07 +6.102841e-08 +4.130220e-07
   -2.104691e-07 +5.879450e-08 +4.138044e-07
   -2.117454e-07 +5.896590e-08 +4.143551e-07
   -2.109200e-07 +6.008387e-08 +4.141106e-07
   -2.110119e-07 +6.008269e-08 +4.139330e-07
   -2.134680e-07 +6.042786e-08 +4.152399e-07
   -2.135599e-07 +6.042666e-08 +4.150622e-07
   -2.136518e-07 +6.042547e-08 +4.148846e-07
   -2.137437e-07 +6.042428e-08 +4.147070e-07
   -2.138356e-07 +6.042308e-08 +4.145293e-07
   -2.139275e-07 +6.042189e-08 +4.143517e-07
   -2.140194e-07 +6.042070e-08 +4.141741e-07
   -2.139476e-07 +6.171700e-08 +4.155099e-07
   -2.140394e-07 +6.171582e-08 +4.153323e-07
   -2.141313e-07 +6.171463e-08 +4.151546e-07
   -2.142232e-07 +6.171345e-08 +4.149770e-07
   -2.134611e-07 +6.042795e-08 +4.152533e-07
   -2.135530e-07 +6.042675e-08 +4.150756e-07
   -2.109332e-07 +6.008370e-08 +4.140852e-07
   -2.110251e-07 +6.008252e-08 +4.139075e-07
   -2.111170e-07 +6.008133e-08 +4.137299e-07
   -2.112089e-07 +6.008015e-08 +4.135523e-07
   -2.113008e-07 +6.007897e-08 +4.133746e-07
   -2.084950e-07 +5.973929e-08 +4.127536e-07
   -2.104995e-07 +5.879410e-08 +4.137457e-07
   -2.105914e-07 +5.879292e-08 +4.135681e-07
   -2.106833e-07 +5.879173e-08 +4.133904e-07
   -2.107752e-07 +5.879055e-08 +4.132128e-07
   -2.108671e-07 +5.878936e-08 +4.130352e-07
   -2.109590e-07 +5.878818e-08 +4.128575e-07
   -2.110509e-07 +5.878699e-08 +4.126799e-07
   -2.089623e-07 +6.102858e-08 +4.130475e-07
   -2.090542e-07 +6.102739e-08 +4.128699e-07
   -2.114888e-07 +6.137285e-08 +4.142083e-07
   -2.115807e-07 +6.137165e-08 +4.140306e-07
   -2.116725e-07 +6.137046e-08 +4.138530e-07
   -2.126535e-07 +6.154570e-08 +4.149747e-07
   -2.127454e-07 +6.154450e-08 +4.147971e-07
   -2.128373e-07 +6.154331e-08 +4.146195e-07
   -2.129293e-07 +6.154212e-08 +4.144418e-07
   -2.130212e-07 +6.154092e-08 +4.142642e-07
   -2.131957e-07 +6.283403e-08 +4.151236e-07
   -2.132876e-07 +6.283284e-08 +4.149460e-07
   -2.133795e-07 +6.283166e-08 +4.147684e-07
   -2.129262e-07 +5.913866e-08 +4.151094e-07
   -2.130180e-07 +5.913748e-08 +4.149317e-07
   -2.111780e-07 +6.377938e-08 +4.141572e-07
   -2.112699e-07 +6.377819e-08 +4.139796e-07
   -2.113618e-07 +6.377700e-08 +4.138019e-07
   -2.114537e-07 +6.377581e-08 +4.136243e-07
   -2.115456e-07 +6.377461e-08 +4.134467e-07
   -2.099562e-07 +6.360727e-08 +4.135014e-07
   -2.100481e-07 +6.360608e-08 +4.133238e-07
   -2.103861e-07 +6.489692e-08 +4.138481e-07
   -2.104781e-07 +6.489573e-08 +4.136705e-07
   -2.105700e-07 +6.489454e-08 +4.134929e-07
   -2.106619e-07 +6.489335e-08 +4.133153e-07
   -2.107539e-07 +6.489216e-08 +4.131377e-07
   -2.084319e-07 +6.584159e-08 +4.127784e-07
   -2.085237e-07 +6.584040e-08 +4.126007e-07
   -2.086156e-07 +6.583921e-08 +4.124231e-07
   -2.087074e-07 +6.583802e-08 +4.122454e-07
   -2.087993e-07 +6.583683e-08 +4.120677e-07
   -2.088911e-07 +6.583564e-08 +4.118901e-07
   -2.089830e-07 +6.583445e-08 +4.117124e-07
   -2.090748e-07 +6.583326e-08 +4.115348e-07
   -2.091667e-07 +6.583208e-08 +4.113571e-07
   -2.103849e-07 +6.489694e-08 +4.138505e-07
   -2.104768e-07 +6.489575e-08 +4.136729e-07
   -2.105688e-07 +6.489456e-08 +4.134953e-07
   -2.086687e-07 +6.343489e-08 +4.129631e-07
   -2.087606e-07 +6.343371e-08 +4.127855e-07
   -2.082227e-07 +6.214545e-08 +4.126474e-07
   -2.083145e-07 +6.214426e-08 +4.124697e-07
   -2.084063e-07 +6.214306e-08 +4.122920e-07
   -2.109792e-07 +6.008311e-08 +4.139961e-07
   -2.110711e-07 +6.008192e-08 +4.138185e-07
   -2.111630e-07 +6.008074e-08 +4.136409e-07
   -2.112549e-07 +6.007956e-08 +4.134633e-07
   -2.113468e-07 +6.007837e-08 +4.132856e-07
   -2.114387e-07 +6.007719e-08 +4.131080e-07
   -2.134057e-07 +6.042867e-08 +4.153603e-07
   -2.134976e-07 +6.042747e-08 +4.151827e-07
   -2.135895e-07 +6.042628e-08 +4.150050e-07
   -2.129706e-07 +5.913809e-08 +4.150234e-07
   -2.130625e-07 +5.913691e-08 +4.148458e-07
   -2.138927e-07 +6.171771e-08 +4.156162e-07
   -2.139845e-07 +6.171653e-08 +4.154385e-07
   -2.140764e-07 +6.171534e-08 +4.152609e-07
   -2.141682e-07 +6.171416e-08 +4.150832e-07
   -2.118994e-07 +6.266275e-08 +4.145925e-07
   -2.119914e-07 +6.266156e-08 +4.144149e-07
   -2.104276e-07 +6.489638e-08 +4.137680e-07
   -2.105196e-07 +6.489519e-08 +4.135903e-07
   -2.106115e-07 +6.489400e-08 +4.134127e-07
   -2.107185e-07 +6.249011e-08 +4.138674e-07
   -2.101596e-07 +6.730349e-08 +4.136533e-07
   -2.102515e-07 +6.730230e-08 +4.134757e-07
   -2.103433e-07 +6.730111e-08 +4.132980e-07
   -2.109274e-07 +6.618526e-08 +4.139991e-07
   -2.110192e-07 +6.618408e-08 +4.138214e-07
   -2.116501e-07 +6.506861e-08 +4.144419e-07
   -2.097128e-07 +6.601293e-08 +4.133201e-07
   -2.098047e-07 +6.601174e-08 +4.131424e-07
   -2.098966e-07 +6.601055e-08 +4.129648e-07
   -2.067347e-07 +6.437929e-08 +4.118443e-07
   -2.068266e-07 +6.437810e-08 +4.116666e-07
   -2.069185e-07 +6.437691e-08 +4.114890e-07
   -2.079894e-07 +6.455098e-08 +4.124365e-07
   -2.080813e-07 +6.454980e-08 +4.122589e-07
   -2.081732e-07 +6.454862e-08 +4.120812e-07
   -2.082651e-07 +6.454744e-08 +4.119036e-07
   -2.083570e-07 +6.454626e-08 +4.117260e-07
   -2.119204e-07 +6.266248e-08 +4.145519e-07
   -2.120124e-07 +6.266128e-08 +4.143743e-07
   -2.124618e-07 +6.395082e-08 +4.147026e-07
   -2.138078e-07 +7.681369e-08 +4.209733e-07
   -2.139349e-07 +7.681470e-08 +4.208189e-07
   -2.129024e-07 +7.752597e-08 +4.201713e-07
   -2.130295e-07 +7.752697e-08 +4.200168e-07
   -2.131566e-07 +7.752797e-08 +4.198624e-07
   -2.132837e-07 +7.752898e-08 +4.197080e-07
   -2.134108e-07 +7.752998e-08 +4.195536e-07
   -2.135379e-07 +7.753099e-08 +4.193992e-07
   -2.109795e-07 +8.035046e-08 +4.187377e-07
   -2.111066e-07 +8.035146e-08 +4.185833e-07
   -2.109351e-07 +8.174912e-08 +4.188117e-07
   -2.110623e-07 +8.175012e-08 +4.186573e-07
   -2.118598e-07 +7.963708e-08 +4.195581e-07
   -2.119870e-07 +7.963808e-08 +4.194037e-07
   -2.121141e-07 +7.963908e-08 +4.192493e-07
   -2.127913e-07 +8.032501e-08 +4.203485e-07
   -2.118779e-07 +7.963722e-08 +4.195361e-07
   -2.118826e-07 +8.103718e-08 +4.195626e-07
   -2.120097e-07 +8.103818e-08 +4.194082e-07
   -2.118851e-07 +8.243720e-08 +4.195796e-07
   -2.120122e-07 +8.243820e-08 +4.194252e-07
   -2.118803e-07 +8.523700e-08 +4.196396e-07
   -2.120074e-07 +8.523801e-08 +4.194852e-07
   -2.121344e-07 +8.523901e-08 +4.193307e-07
   -2.122615e-07 +8.524001e-08 +4.191763e-07
   -2.123885e-07 +8.524101e-08 +4.190218e-07
   -2.125156e-07 +8.524202e-08 +4.188673e-07
   -2.126427e-07 +8.524302e-08 +4.187129e-07
   -2.127697e-07 +8.524402e-08 +4.185584e-07
   -2.128968e-07 +8.524502e-08 +4.184040e-07
   -2.128385e-07 +8.452522e-08 +4.203654e-07
   -2.129656e-07 +8.452623e-08 +4.202110e-07
   -2.119552e-07 +8.383767e-08 +4.195165e-07
   -2.120823e-07 +8.383868e-08 +4.193621e-07
   -2.122094e-07 +8.383968e-08 +4.192077e-07
   -2.119192e-07 +8.523731e-08 +4.195923e-07
   -2.128213e-07 +8.452509e-08 +4.203862e-07
   -2.129484e-07 +8.452609e-08 +4.202318e-07
   -2.119996e-07 +8.523794e-08 +4.194946e-07
   -2.110342e-07 +8.314982e-08 +4.187134e-07
   -2.186424e-07 +8.280257e-08 +4.251291e-07
   -2.185338e-07 +8.279653e-08 +4.249612e-07
   -2.184253e-07 +8.279049e-08 +4.247933e-07
   -2.197952e-07 +8.326451e-08 +4.244708e-07
   -2.196867e-07 +8.325848e-08 +4.243029e-07
   -2.195656e-07 +8.188886e-08 +4.246049e-07
   -2.194571e-07 +8.188281e-08 +4.244370e-07
   -2.193485e-07 +8.187677e-08 +4.242691e-07
   -2.155926e-07 +8.280137e-08 +4.272268e-07
   -2.156362e-07 +8.280379e-08 +4.272941e-07
   -2.155275e-07 +8.279774e-08 +4.271262e-07
   -2.144507e-07 +8.233903e-08 +4.278920e-07
   -2.143422e-07 +8.233300e-08 +4.277241e-07
   -2.142336e-07 +8.232696e-08 +4.275562e-07
   -2.141251e-07 +8.232092e-08 +4.273884e-07
   -2.146632e-07 +8.371473e-08 +4.277413e-07
   -2.145547e-07 +8.370869e-08 +4.275734e-07
   -2.157634e-07 +8.417374e-08 +4.270016e-07
   -2.156547e-07 +8.416771e-08 +4.268337e-07
   -2.155461e-07 +8.416168e-08 +4.266659e-07
   -2.154375e-07 +8.415565e-08 +4.264981e-07
   -2.153289e-07 +8.414962e-08 +4.263302e-07
   -2.177904e-07 +8.372024e-08 +4.257533e-07
   -2.176818e-07 +8.371421e-08 +4.255855e-07
   -2.175732e-07 +8.370817e-08 +4.254176e-07
   -2.174647e-07 +8.370214e-08 +4.252498e-07
   -2.156353e-07 +8.280374e-08 +4.272928e-07
   -2.155267e-07 +8.279770e-08 +4.271250e-07
   -2.154181e-07 +8.279166e-08 +4.269571e-07
   -2.153095e-07 +8.278562e-08 +4.267893e-07
   -2.168720e-07 +8.463421e-08 +4.262848e-07
   -2.167635e-07 +8.462817e-08 +4.261169e-07
   -2.166549e-07 +8.462213e-08 +4.259490e-07
   -2.165464e-07 +8.461608e-08 +4.257812e-07
   -2.159342e-07 +8.554613e-08 +4.267765e-07
   -2.158256e-07 +8.554010e-08 +4.266087e-07
   -2.157170e-07 +8.553407e-08 +4.264409e-07
   -2.156084e-07 +8.552804e-08 +4.262730e-07
   -2.154998e-07 +8.552201e-08 +4.261052e-07
   -2.153912e-07 +8.551598e-08 +4.259374e-07
   -2.152826e-07 +8.550994e-08 +4.257695e-07
   -2.151739e-07 +8.550391e-08 +4.256017e-07
   -2.194335e-07 +8.051708e-08 +4.248745e-07
   -2.193250e-07 +8.051106e-08 +4.247066e-07
   -2.192164e-07 +8.050503e-08 +4.245388e-07
   -2.191078e-07 +8.049900e-08 +4.243709e-07
   -2.189993e-07 +8.049297e-08 +4.242030e-07
   -2.188907e-07 +8.048694e-08 +4.240352e-07
   -2.187822e-07 +8.048091e-08 +4.238673e-07
   -2.204685e-07 +8.097347e-08 +4.240341e-07
   -2.203598e-07 +8.096742e-08 +4.238663e-07
   -2.202512e-07 +8.096138e-08 +4.236985e-07
   -2.196022e-07 +8.189090e-08 +4.246616e-07
   -2.194937e-07 +8.188485e-08 +4.244937e-07
   -2.193852e-07 +8.187881e-08 +4.243258e-07
   -2.192767e-07 +8.187277e-08 +4.241579e-07
   -2.191681e-07 +8.186672e-08 +4.239901e-07
   -2.194023e-07 +8.051535e-08 +4.248262e-07
   -2.192937e-07 +8.050932e-08 +4.246583e-07
   -2.200645e-07 +7.822424e-08 +4.243878e-07
   -2.199560e-07 +7.821820e-08 +4.242199e-07
   -2.198475e-07 +7.821215e-08 +4.240520e-07
   -2.197389e-07 +7.820611e-08 +4.238841e-07
   -2.203119e-07 +7.960089e-08 +4.242812e-07
   -2.204898e-07 +8.097465e-08 +4.240670e-07
   -2.195382e-07 +8.188733e-08 +4.245626e-07
   -2.194297e-07 +8.188129e-08 +4.243947e-07
   -2.193212e-07 +8.187524e-08 +4.242268e-07
   -2.194478e-07 +8.051788e-08 +4.248966e-07
   -2.193392e-07 +8.051185e-08 +4.247287e-07
   -2.192496e-07 +7.914398e-08 +4.250793e-07
   -2.191410e-07 +7.913794e-08 +4.249115e-07
   -2.190325e-07 +7.913190e-08 +4.247436e-07
   -2.159003e-07 +7.776224e-08 +4.272033e-07
   -2.157917e-07 +7.775621e-08 +4.270354e-07
   -2.156831e-07 +7.775018e-08 +4.268676e-07
   -2.155745e-07 +7.774415e-08 +4.266998e-07
   -2.147525e-07 +7.730058e-08 +4.278593e-07
   -2.161190e-07 +7.913828e-08 +4.270521e-07
   -2.160104e-07 +7.913223e-08 +4.268842e-07
   -2.159018e-07 +7.912619e-08 +4.267164e-07
   -2.157932e-07 +7.912015e-08 +4.265486e-07
   -2.156845e-07 +7.911411e-08 +4.263808e-07
   -2.155759e-07 +7.910807e-08 +4.262129e-07
   -2.160992e-07 +7.913718e-08 +4.270215e-07
   -2.159906e-07 +7.913113e-08 +4.268537e-07
   -2.158820e-07 +7.912509e-08 +4.266859e-07
   -2.152495e-07 +8.005497e-08 +4.276592e-07
   -2.151409e-07 +8.004893e-08 +4.274913e-07
   -2.150324e-07 +8.004289e-08 +4.273235e-07
   -2.147621e-07 +9.274550e-08 +4.369896e-07

